[(34, 9), 0.004861111111111109]
[(43, 7), 0.004861111111111109]
[(21, 42), 0.12847222222222215]
[(42, 40), 0.12048611111111106]
[(40, 55), 0.12048611111111106]
[(55, 26), 0.11666666666666661]
[(26, 50), 0.11666666666666661]
[(33, 9), 0.006249999999999997]
[(35, 53), 0.0038194444444444426]
[(64, 51), 0.006249999999999997]
[(44, 32), 0.004166666666666664]
[(51, 44), 0.005902777777777775]
[(44, 31), 0.02187499999999999]
[(46, 51), 0.004166666666666664]
[(51, 8), 0.006249999999999997]
[(30, 41), 0.004166666666666664]
[(51, 18), 0.020833333333333325]
[(55, 0), 0.0038194444444444426]
[(0, 50), 0.0038194444444444426]
[(18, 51), 0.006597222222222219]
[(44, 8), 0.006249999999999997]
[(5, 52), 0.007291666666666663]
[(29, 28), 0.007291666666666663]
[(2, 39), 0.012499999999999994]
[(51, 22), 0.013888888888888883]
[(60, 61), 0.02708333333333332]
[(51, 21), 0.028472222222222208]
[(11, 58), 0.004513888888888887]
[(21, 57), 0.004166666666666664]
[(21, 5), 0.005208333333333331]
[(51, 60), 0.004513888888888887]
[(21, 51), 0.004861111111111109]
[(21, 10), 0.005902777777777775]
[(63, 27), 0.004166666666666664]
[(51, 19), 0.007638888888888885]
[(50, 21), 0.006597222222222219]
[(21, 1), 0.004166666666666664]
[(56, 63), 0.0038194444444444426]
[(21, 29), 0.0038194444444444426]
[(11, 62), 0.004513888888888887]
[(44, 45), 0.005208333333333331]
[(36, 59), 0.005208333333333331]
[(33, 37), 0.004861111111111109]
[(13, 14), 0.004861111111111109]
[(51, 48), 0.01493055555555555]
[(51, 47), 0.019791666666666655]
[(51, 24), 0.005208333333333331]
[(6, 16), 0.004513888888888887]
[(21, 47), 0.009374999999999996]
[(51, 23), 0.007291666666666663]
[(17, 20), 0.004861111111111109]
[(4, 49), 0.004861111111111109]
[(44, 12), 0.004166666666666664]
[(47, 23), 0.009027777777777773]
[(21, 23), 0.005902777777777775]
[(15, 38), 0.004513888888888887]
[(25, 3), 0.004166666666666664]
[(54, 55), 0.004166666666666664]
