[(6, 17), 0.04196242171189979]
[(6, 21), 0.023799582463465554]
[(21, 17), 0.08872651356993737]
[(27, 26), 0.0041753653444676405]
[(21, 6), 0.028392484342379957]
[(16, 17), 0.004384133611691023]
[(29, 6), 0.005427974947807933]
[(8, 22), 0.0035490605427974946]
[(17, 16), 0.026096033402922755]
[(6, 28), 0.005010438413361169]
[(16, 7), 0.003966597077244259]
[(7, 6), 0.04196242171189979]
[(6, 7), 0.012943632567849687]
[(23, 6), 0.0037578288100208767]
[(17, 21), 0.039457202505219204]
[(1, 6), 0.01941544885177453]
[(6, 23), 0.012526096033402923]
[(17, 6), 0.024217118997912318]
[(22, 6), 0.02881002087682672]
[(6, 29), 0.005010438413361169]
[(16, 6), 0.004592901878914405]
[(6, 1), 0.005636743215031315]
[(1, 17), 0.0041753653444676405]
[(21, 16), 0.008350730688935281]
[(22, 7), 0.01440501043841336]
[(28, 6), 0.005636743215031315]
[(32, 22), 0.006263048016701462]
[(6, 9), 0.0041753653444676405]
[(6, 0), 0.005219206680584551]
[(11, 6), 0.006263048016701462]
[(31, 22), 0.006263048016701462]
[(22, 17), 0.0035490605427974946]
[(30, 6), 0.01127348643006263]
[(7, 21), 0.017954070981210855]
[(7, 1), 0.004801670146137787]
[(15, 22), 0.005427974947807933]
[(22, 19), 0.007306889352818371]
[(7, 19), 0.010855949895615866]
[(22, 1), 0.0037578288100208767]
[(6, 19), 0.020876826722338204]
[(17, 7), 0.0041753653444676405]
[(6, 2), 0.0035490605427974946]
[(4, 6), 0.0060542797494780795]
[(24, 6), 0.0081419624217119]
[(6, 22), 0.004384133611691023]
[(1, 21), 0.0041753653444676405]
[(17, 19), 0.004384133611691023]
[(2, 3), 0.004801670146137787]
[(19, 6), 0.011691022964509395]
[(22, 24), 0.004384133611691023]
[(7, 4), 0.004384133611691023]
[(6, 20), 0.0037578288100208767]
[(6, 30), 0.006263048016701462]
[(3, 2), 0.0035490605427974946]
[(1, 28), 0.0037578288100208767]
[(10, 22), 0.0035490605427974946]
[(30, 17), 0.004592901878914405]
[(0, 6), 0.005219206680584551]
[(6, 18), 0.005636743215031315]
[(12, 17), 0.0037578288100208767]
[(12, 6), 0.0060542797494780795]
[(5, 6), 0.012526096033402923]
[(21, 7), 0.0037578288100208767]
[(14, 6), 0.008350730688935281]
[(6, 14), 0.004384133611691023]
[(5, 7), 0.006471816283924844]
[(7, 25), 0.0035490605427974946]
[(13, 6), 0.0037578288100208767]
[(18, 25), 0.006263048016701462]
[(25, 18), 0.013569937369519834]
[(25, 6), 0.007933194154488519]
[(22, 5), 0.006471816283924844]
[(24, 17), 0.005010438413361169]
[(17, 25), 0.0035490605427974946]
[(6, 25), 0.007306889352818371]
[(0, 1), 0.00020876826722338206]
[(0, 2), 0.00020876826722338206]
[(0, 3), 0.00020876826722338206]
[(0, 4), 0.00020876826722338206]
[(0, 5), 0.00020876826722338206]
[(0, 6), 0.00020876826722338206]
[(0, 7), 0.00020876826722338206]
[(0, 8), 0.00020876826722338206]
[(0, 9), 0.00020876826722338206]
[(0, 10), 0.00020876826722338206]
[(0, 11), 0.00020876826722338206]
[(0, 12), 0.00020876826722338206]
[(0, 13), 0.00020876826722338206]
[(0, 14), 0.00020876826722338206]
[(0, 15), 0.00020876826722338206]
[(0, 16), 0.00020876826722338206]
[(0, 17), 0.00020876826722338206]
[(0, 18), 0.00020876826722338206]
[(0, 19), 0.00020876826722338206]
[(0, 20), 0.00020876826722338206]
[(0, 21), 0.00020876826722338206]
[(0, 22), 0.00020876826722338206]
[(0, 23), 0.00020876826722338206]
[(0, 24), 0.00020876826722338206]
[(0, 25), 0.00020876826722338206]
[(0, 26), 0.00020876826722338206]
[(0, 27), 0.00020876826722338206]
[(0, 28), 0.00020876826722338206]
[(0, 29), 0.00020876826722338206]
[(0, 30), 0.00020876826722338206]
[(0, 31), 0.00020876826722338206]
[(0, 32), 0.00020876826722338206]
[(1, 0), 0.00020876826722338206]
[(1, 2), 0.00020876826722338206]
[(1, 3), 0.00020876826722338206]
[(1, 4), 0.00020876826722338206]
[(1, 5), 0.00020876826722338206]
[(1, 6), 0.00020876826722338206]
[(1, 7), 0.00020876826722338206]
[(1, 8), 0.00020876826722338206]
[(1, 9), 0.00020876826722338206]
[(1, 10), 0.00020876826722338206]
[(1, 11), 0.00020876826722338206]
[(1, 12), 0.00020876826722338206]
[(1, 13), 0.00020876826722338206]
[(1, 14), 0.00020876826722338206]
[(1, 15), 0.00020876826722338206]
[(1, 16), 0.00020876826722338206]
[(1, 17), 0.00020876826722338206]
[(1, 18), 0.00020876826722338206]
[(1, 19), 0.00020876826722338206]
[(1, 20), 0.00020876826722338206]
[(1, 21), 0.00020876826722338206]
[(1, 22), 0.00020876826722338206]
[(1, 23), 0.00020876826722338206]
[(1, 24), 0.00020876826722338206]
[(1, 25), 0.00020876826722338206]
[(1, 26), 0.00020876826722338206]
[(1, 27), 0.00020876826722338206]
[(1, 28), 0.00020876826722338206]
[(1, 29), 0.00020876826722338206]
[(1, 30), 0.00020876826722338206]
[(1, 31), 0.00020876826722338206]
[(1, 32), 0.00020876826722338206]
[(2, 0), 0.00020876826722338206]
[(2, 1), 0.00020876826722338206]
[(2, 3), 0.00020876826722338206]
[(2, 4), 0.00020876826722338206]
[(2, 5), 0.00020876826722338206]
[(2, 6), 0.00020876826722338206]
[(2, 7), 0.00020876826722338206]
[(2, 8), 0.00020876826722338206]
[(2, 9), 0.00020876826722338206]
[(2, 10), 0.00020876826722338206]
[(2, 11), 0.00020876826722338206]
[(2, 12), 0.00020876826722338206]
[(2, 13), 0.00020876826722338206]
[(2, 14), 0.00020876826722338206]
[(2, 15), 0.00020876826722338206]
[(2, 16), 0.00020876826722338206]
[(2, 17), 0.00020876826722338206]
[(2, 18), 0.00020876826722338206]
[(2, 19), 0.00020876826722338206]
[(2, 20), 0.00020876826722338206]
[(2, 21), 0.00020876826722338206]
[(2, 22), 0.00020876826722338206]
[(2, 23), 0.00020876826722338206]
[(2, 24), 0.00020876826722338206]
[(2, 25), 0.00020876826722338206]
[(2, 26), 0.00020876826722338206]
[(2, 27), 0.00020876826722338206]
[(2, 28), 0.00020876826722338206]
[(2, 29), 0.00020876826722338206]
[(2, 30), 0.00020876826722338206]
[(2, 31), 0.00020876826722338206]
[(2, 32), 0.00020876826722338206]
[(3, 0), 0.00020876826722338206]
[(3, 1), 0.00020876826722338206]
[(3, 2), 0.00020876826722338206]
[(3, 4), 0.00020876826722338206]
[(3, 5), 0.00020876826722338206]
[(3, 6), 0.00020876826722338206]
[(3, 7), 0.00020876826722338206]
[(3, 8), 0.00020876826722338206]
[(3, 9), 0.00020876826722338206]
[(3, 10), 0.00020876826722338206]
[(3, 11), 0.00020876826722338206]
[(3, 12), 0.00020876826722338206]
[(3, 13), 0.00020876826722338206]
[(3, 14), 0.00020876826722338206]
[(3, 15), 0.00020876826722338206]
[(3, 16), 0.00020876826722338206]
[(3, 17), 0.00020876826722338206]
[(3, 18), 0.00020876826722338206]
[(3, 19), 0.00020876826722338206]
[(3, 20), 0.00020876826722338206]
[(3, 21), 0.00020876826722338206]
[(3, 22), 0.00020876826722338206]
[(3, 23), 0.00020876826722338206]
[(3, 24), 0.00020876826722338206]
[(3, 25), 0.00020876826722338206]
[(3, 26), 0.00020876826722338206]
[(3, 27), 0.00020876826722338206]
[(3, 28), 0.00020876826722338206]
[(3, 29), 0.00020876826722338206]
[(3, 30), 0.00020876826722338206]
[(3, 31), 0.00020876826722338206]
[(3, 32), 0.00020876826722338206]
[(4, 0), 0.00020876826722338206]
[(4, 1), 0.00020876826722338206]
[(4, 2), 0.00020876826722338206]
[(4, 3), 0.00020876826722338206]
[(4, 5), 0.00020876826722338206]
[(4, 6), 0.00020876826722338206]
[(4, 7), 0.00020876826722338206]
[(4, 8), 0.00020876826722338206]
[(4, 9), 0.00020876826722338206]
[(4, 10), 0.00020876826722338206]
[(4, 11), 0.00020876826722338206]
[(4, 12), 0.00020876826722338206]
[(4, 13), 0.00020876826722338206]
[(4, 14), 0.00020876826722338206]
[(4, 15), 0.00020876826722338206]
[(4, 16), 0.00020876826722338206]
[(4, 17), 0.00020876826722338206]
[(4, 18), 0.00020876826722338206]
[(4, 19), 0.00020876826722338206]
[(4, 20), 0.00020876826722338206]
[(4, 21), 0.00020876826722338206]
[(4, 22), 0.00020876826722338206]
[(4, 23), 0.00020876826722338206]
[(4, 24), 0.00020876826722338206]
[(4, 25), 0.00020876826722338206]
[(4, 26), 0.00020876826722338206]
[(4, 27), 0.00020876826722338206]
[(4, 28), 0.00020876826722338206]
[(4, 29), 0.00020876826722338206]
[(4, 30), 0.00020876826722338206]
[(4, 31), 0.00020876826722338206]
[(4, 32), 0.00020876826722338206]
[(5, 0), 0.00020876826722338206]
[(5, 1), 0.00020876826722338206]
[(5, 2), 0.00020876826722338206]
[(5, 3), 0.00020876826722338206]
[(5, 4), 0.00020876826722338206]
[(5, 6), 0.00020876826722338206]
[(5, 7), 0.00020876826722338206]
[(5, 8), 0.00020876826722338206]
[(5, 9), 0.00020876826722338206]
[(5, 10), 0.00020876826722338206]
[(5, 11), 0.00020876826722338206]
[(5, 12), 0.00020876826722338206]
[(5, 13), 0.00020876826722338206]
[(5, 14), 0.00020876826722338206]
[(5, 15), 0.00020876826722338206]
[(5, 16), 0.00020876826722338206]
[(5, 17), 0.00020876826722338206]
[(5, 18), 0.00020876826722338206]
[(5, 19), 0.00020876826722338206]
[(5, 20), 0.00020876826722338206]
[(5, 21), 0.00020876826722338206]
[(5, 22), 0.00020876826722338206]
[(5, 23), 0.00020876826722338206]
[(5, 24), 0.00020876826722338206]
[(5, 25), 0.00020876826722338206]
[(5, 26), 0.00020876826722338206]
[(5, 27), 0.00020876826722338206]
[(5, 28), 0.00020876826722338206]
[(5, 29), 0.00020876826722338206]
[(5, 30), 0.00020876826722338206]
[(5, 31), 0.00020876826722338206]
[(5, 32), 0.00020876826722338206]
[(6, 0), 0.00020876826722338206]
[(6, 1), 0.00020876826722338206]
[(6, 2), 0.00020876826722338206]
[(6, 3), 0.00020876826722338206]
[(6, 4), 0.00020876826722338206]
[(6, 5), 0.00020876826722338206]
[(6, 7), 0.00020876826722338206]
[(6, 8), 0.00020876826722338206]
[(6, 9), 0.00020876826722338206]
[(6, 10), 0.00020876826722338206]
[(6, 11), 0.00020876826722338206]
[(6, 12), 0.00020876826722338206]
[(6, 13), 0.00020876826722338206]
[(6, 14), 0.00020876826722338206]
[(6, 15), 0.00020876826722338206]
[(6, 16), 0.00020876826722338206]
[(6, 17), 0.00020876826722338206]
[(6, 18), 0.00020876826722338206]
[(6, 19), 0.00020876826722338206]
[(6, 20), 0.00020876826722338206]
[(6, 21), 0.00020876826722338206]
[(6, 22), 0.00020876826722338206]
[(6, 23), 0.00020876826722338206]
[(6, 24), 0.00020876826722338206]
[(6, 25), 0.00020876826722338206]
[(6, 26), 0.00020876826722338206]
[(6, 27), 0.00020876826722338206]
[(6, 28), 0.00020876826722338206]
[(6, 29), 0.00020876826722338206]
[(6, 30), 0.00020876826722338206]
[(6, 31), 0.00020876826722338206]
[(6, 32), 0.00020876826722338206]
[(7, 0), 0.00020876826722338206]
[(7, 1), 0.00020876826722338206]
[(7, 2), 0.00020876826722338206]
[(7, 3), 0.00020876826722338206]
[(7, 4), 0.00020876826722338206]
[(7, 5), 0.00020876826722338206]
[(7, 6), 0.00020876826722338206]
[(7, 8), 0.00020876826722338206]
[(7, 9), 0.00020876826722338206]
[(7, 10), 0.00020876826722338206]
[(7, 11), 0.00020876826722338206]
[(7, 12), 0.00020876826722338206]
[(7, 13), 0.00020876826722338206]
[(7, 14), 0.00020876826722338206]
[(7, 15), 0.00020876826722338206]
[(7, 16), 0.00020876826722338206]
[(7, 17), 0.00020876826722338206]
[(7, 18), 0.00020876826722338206]
[(7, 19), 0.00020876826722338206]
[(7, 20), 0.00020876826722338206]
[(7, 21), 0.00020876826722338206]
[(7, 22), 0.00020876826722338206]
[(7, 23), 0.00020876826722338206]
[(7, 24), 0.00020876826722338206]
[(7, 25), 0.00020876826722338206]
[(7, 26), 0.00020876826722338206]
[(7, 27), 0.00020876826722338206]
[(7, 28), 0.00020876826722338206]
[(7, 29), 0.00020876826722338206]
[(7, 30), 0.00020876826722338206]
[(7, 31), 0.00020876826722338206]
[(7, 32), 0.00020876826722338206]
[(8, 0), 0.00020876826722338206]
[(8, 1), 0.00020876826722338206]
[(8, 2), 0.00020876826722338206]
[(8, 3), 0.00020876826722338206]
[(8, 4), 0.00020876826722338206]
[(8, 5), 0.00020876826722338206]
[(8, 6), 0.00020876826722338206]
[(8, 7), 0.00020876826722338206]
[(8, 9), 0.00020876826722338206]
[(8, 10), 0.00020876826722338206]
[(8, 11), 0.00020876826722338206]
[(8, 12), 0.00020876826722338206]
[(8, 13), 0.00020876826722338206]
[(8, 14), 0.00020876826722338206]
[(8, 15), 0.00020876826722338206]
[(8, 16), 0.00020876826722338206]
[(8, 17), 0.00020876826722338206]
[(8, 18), 0.00020876826722338206]
[(8, 19), 0.00020876826722338206]
[(8, 20), 0.00020876826722338206]
[(8, 21), 0.00020876826722338206]
[(8, 22), 0.00020876826722338206]
[(8, 23), 0.00020876826722338206]
[(8, 24), 0.00020876826722338206]
[(8, 25), 0.00020876826722338206]
[(8, 26), 0.00020876826722338206]
[(8, 27), 0.00020876826722338206]
[(8, 28), 0.00020876826722338206]
[(8, 29), 0.00020876826722338206]
[(8, 30), 0.00020876826722338206]
[(8, 31), 0.00020876826722338206]
[(8, 32), 0.00020876826722338206]
[(9, 0), 0.00020876826722338206]
[(9, 1), 0.00020876826722338206]
[(9, 2), 0.00020876826722338206]
[(9, 3), 0.00020876826722338206]
[(9, 4), 0.00020876826722338206]
[(9, 5), 0.00020876826722338206]
[(9, 6), 0.00020876826722338206]
[(9, 7), 0.00020876826722338206]
[(9, 8), 0.00020876826722338206]
[(9, 10), 0.00020876826722338206]
[(9, 11), 0.00020876826722338206]
[(9, 12), 0.00020876826722338206]
[(9, 13), 0.00020876826722338206]
[(9, 14), 0.00020876826722338206]
[(9, 15), 0.00020876826722338206]
[(9, 16), 0.00020876826722338206]
[(9, 17), 0.00020876826722338206]
[(9, 18), 0.00020876826722338206]
[(9, 19), 0.00020876826722338206]
[(9, 20), 0.00020876826722338206]
[(9, 21), 0.00020876826722338206]
[(9, 22), 0.00020876826722338206]
[(9, 23), 0.00020876826722338206]
[(9, 24), 0.00020876826722338206]
[(9, 25), 0.00020876826722338206]
[(9, 26), 0.00020876826722338206]
[(9, 27), 0.00020876826722338206]
[(9, 28), 0.00020876826722338206]
[(9, 29), 0.00020876826722338206]
[(9, 30), 0.00020876826722338206]
[(9, 31), 0.00020876826722338206]
[(9, 32), 0.00020876826722338206]
[(10, 0), 0.00020876826722338206]
[(10, 1), 0.00020876826722338206]
[(10, 2), 0.00020876826722338206]
[(10, 3), 0.00020876826722338206]
[(10, 4), 0.00020876826722338206]
[(10, 5), 0.00020876826722338206]
[(10, 6), 0.00020876826722338206]
[(10, 7), 0.00020876826722338206]
[(10, 8), 0.00020876826722338206]
[(10, 9), 0.00020876826722338206]
[(10, 11), 0.00020876826722338206]
[(10, 12), 0.00020876826722338206]
[(10, 13), 0.00020876826722338206]
[(10, 14), 0.00020876826722338206]
[(10, 15), 0.00020876826722338206]
[(10, 16), 0.00020876826722338206]
[(10, 17), 0.00020876826722338206]
[(10, 18), 0.00020876826722338206]
[(10, 19), 0.00020876826722338206]
[(10, 20), 0.00020876826722338206]
[(10, 21), 0.00020876826722338206]
[(10, 22), 0.00020876826722338206]
[(10, 23), 0.00020876826722338206]
[(10, 24), 0.00020876826722338206]
[(10, 25), 0.00020876826722338206]
[(10, 26), 0.00020876826722338206]
[(10, 27), 0.00020876826722338206]
[(10, 28), 0.00020876826722338206]
[(10, 29), 0.00020876826722338206]
[(10, 30), 0.00020876826722338206]
[(10, 31), 0.00020876826722338206]
[(10, 32), 0.00020876826722338206]
[(11, 0), 0.00020876826722338206]
[(11, 1), 0.00020876826722338206]
[(11, 2), 0.00020876826722338206]
[(11, 3), 0.00020876826722338206]
[(11, 4), 0.00020876826722338206]
[(11, 5), 0.00020876826722338206]
[(11, 6), 0.00020876826722338206]
[(11, 7), 0.00020876826722338206]
[(11, 8), 0.00020876826722338206]
[(11, 9), 0.00020876826722338206]
[(11, 10), 0.00020876826722338206]
[(11, 12), 0.00020876826722338206]
[(11, 13), 0.00020876826722338206]
[(11, 14), 0.00020876826722338206]
[(11, 15), 0.00020876826722338206]
[(11, 16), 0.00020876826722338206]
[(11, 17), 0.00020876826722338206]
[(11, 18), 0.00020876826722338206]
[(11, 19), 0.00020876826722338206]
[(11, 20), 0.00020876826722338206]
[(11, 21), 0.00020876826722338206]
[(11, 22), 0.00020876826722338206]
[(11, 23), 0.00020876826722338206]
[(11, 24), 0.00020876826722338206]
[(11, 25), 0.00020876826722338206]
[(11, 26), 0.00020876826722338206]
[(11, 27), 0.00020876826722338206]
[(11, 28), 0.00020876826722338206]
[(11, 29), 0.00020876826722338206]
[(11, 30), 0.00020876826722338206]
[(11, 31), 0.00020876826722338206]
[(11, 32), 0.00020876826722338206]
[(12, 0), 0.00020876826722338206]
[(12, 1), 0.00020876826722338206]
[(12, 2), 0.00020876826722338206]
[(12, 3), 0.00020876826722338206]
[(12, 4), 0.00020876826722338206]
[(12, 5), 0.00020876826722338206]
[(12, 6), 0.00020876826722338206]
[(12, 7), 0.00020876826722338206]
[(12, 8), 0.00020876826722338206]
[(12, 9), 0.00020876826722338206]
[(12, 10), 0.00020876826722338206]
[(12, 11), 0.00020876826722338206]
[(12, 13), 0.00020876826722338206]
[(12, 14), 0.00020876826722338206]
[(12, 15), 0.00020876826722338206]
[(12, 16), 0.00020876826722338206]
[(12, 17), 0.00020876826722338206]
[(12, 18), 0.00020876826722338206]
[(12, 19), 0.00020876826722338206]
[(12, 20), 0.00020876826722338206]
[(12, 21), 0.00020876826722338206]
[(12, 22), 0.00020876826722338206]
[(12, 23), 0.00020876826722338206]
[(12, 24), 0.00020876826722338206]
[(12, 25), 0.00020876826722338206]
[(12, 26), 0.00020876826722338206]
[(12, 27), 0.00020876826722338206]
[(12, 28), 0.00020876826722338206]
[(12, 29), 0.00020876826722338206]
[(12, 30), 0.00020876826722338206]
[(12, 31), 0.00020876826722338206]
[(12, 32), 0.00020876826722338206]
[(13, 0), 0.00020876826722338206]
[(13, 1), 0.00020876826722338206]
[(13, 2), 0.00020876826722338206]
[(13, 3), 0.00020876826722338206]
[(13, 4), 0.00020876826722338206]
[(13, 5), 0.00020876826722338206]
[(13, 6), 0.00020876826722338206]
[(13, 7), 0.00020876826722338206]
[(13, 8), 0.00020876826722338206]
[(13, 9), 0.00020876826722338206]
[(13, 10), 0.00020876826722338206]
[(13, 11), 0.00020876826722338206]
[(13, 12), 0.00020876826722338206]
[(13, 14), 0.00020876826722338206]
[(13, 15), 0.00020876826722338206]
[(13, 16), 0.00020876826722338206]
[(13, 17), 0.00020876826722338206]
[(13, 18), 0.00020876826722338206]
[(13, 19), 0.00020876826722338206]
[(13, 20), 0.00020876826722338206]
[(13, 21), 0.00020876826722338206]
[(13, 22), 0.00020876826722338206]
[(13, 23), 0.00020876826722338206]
[(13, 24), 0.00020876826722338206]
[(13, 25), 0.00020876826722338206]
[(13, 26), 0.00020876826722338206]
[(13, 27), 0.00020876826722338206]
[(13, 28), 0.00020876826722338206]
[(13, 29), 0.00020876826722338206]
[(13, 30), 0.00020876826722338206]
[(13, 31), 0.00020876826722338206]
[(13, 32), 0.00020876826722338206]
[(14, 0), 0.00020876826722338206]
[(14, 1), 0.00020876826722338206]
[(14, 2), 0.00020876826722338206]
[(14, 3), 0.00020876826722338206]
[(14, 4), 0.00020876826722338206]
[(14, 5), 0.00020876826722338206]
[(14, 6), 0.00020876826722338206]
[(14, 7), 0.00020876826722338206]
[(14, 8), 0.00020876826722338206]
[(14, 9), 0.00020876826722338206]
[(14, 10), 0.00020876826722338206]
[(14, 11), 0.00020876826722338206]
[(14, 12), 0.00020876826722338206]
[(14, 13), 0.00020876826722338206]
[(14, 15), 0.00020876826722338206]
[(14, 16), 0.00020876826722338206]
[(14, 17), 0.00020876826722338206]
[(14, 18), 0.00020876826722338206]
[(14, 19), 0.00020876826722338206]
[(14, 20), 0.00020876826722338206]
[(14, 21), 0.00020876826722338206]
[(14, 22), 0.00020876826722338206]
[(14, 23), 0.00020876826722338206]
[(14, 24), 0.00020876826722338206]
[(14, 25), 0.00020876826722338206]
[(14, 26), 0.00020876826722338206]
[(14, 27), 0.00020876826722338206]
[(14, 28), 0.00020876826722338206]
[(14, 29), 0.00020876826722338206]
[(14, 30), 0.00020876826722338206]
[(14, 31), 0.00020876826722338206]
[(14, 32), 0.00020876826722338206]
[(15, 0), 0.00020876826722338206]
[(15, 1), 0.00020876826722338206]
[(15, 2), 0.00020876826722338206]
[(15, 3), 0.00020876826722338206]
[(15, 4), 0.00020876826722338206]
[(15, 5), 0.00020876826722338206]
[(15, 6), 0.00020876826722338206]
[(15, 7), 0.00020876826722338206]
[(15, 8), 0.00020876826722338206]
[(15, 9), 0.00020876826722338206]
[(15, 10), 0.00020876826722338206]
[(15, 11), 0.00020876826722338206]
[(15, 12), 0.00020876826722338206]
[(15, 13), 0.00020876826722338206]
[(15, 14), 0.00020876826722338206]
[(15, 16), 0.00020876826722338206]
[(15, 17), 0.00020876826722338206]
[(15, 18), 0.00020876826722338206]
[(15, 19), 0.00020876826722338206]
[(15, 20), 0.00020876826722338206]
[(15, 21), 0.00020876826722338206]
[(15, 22), 0.00020876826722338206]
[(15, 23), 0.00020876826722338206]
[(15, 24), 0.00020876826722338206]
[(15, 25), 0.00020876826722338206]
[(15, 26), 0.00020876826722338206]
[(15, 27), 0.00020876826722338206]
[(15, 28), 0.00020876826722338206]
[(15, 29), 0.00020876826722338206]
[(15, 30), 0.00020876826722338206]
[(15, 31), 0.00020876826722338206]
[(15, 32), 0.00020876826722338206]
[(16, 0), 0.00020876826722338206]
[(16, 1), 0.00020876826722338206]
[(16, 2), 0.00020876826722338206]
[(16, 3), 0.00020876826722338206]
[(16, 4), 0.00020876826722338206]
[(16, 5), 0.00020876826722338206]
[(16, 6), 0.00020876826722338206]
[(16, 7), 0.00020876826722338206]
[(16, 8), 0.00020876826722338206]
[(16, 9), 0.00020876826722338206]
[(16, 10), 0.00020876826722338206]
[(16, 11), 0.00020876826722338206]
[(16, 12), 0.00020876826722338206]
[(16, 13), 0.00020876826722338206]
[(16, 14), 0.00020876826722338206]
[(16, 15), 0.00020876826722338206]
[(16, 17), 0.00020876826722338206]
[(16, 18), 0.00020876826722338206]
[(16, 19), 0.00020876826722338206]
[(16, 20), 0.00020876826722338206]
[(16, 21), 0.00020876826722338206]
[(16, 22), 0.00020876826722338206]
[(16, 23), 0.00020876826722338206]
[(16, 24), 0.00020876826722338206]
[(16, 25), 0.00020876826722338206]
[(16, 26), 0.00020876826722338206]
[(16, 27), 0.00020876826722338206]
[(16, 28), 0.00020876826722338206]
[(16, 29), 0.00020876826722338206]
[(16, 30), 0.00020876826722338206]
[(16, 31), 0.00020876826722338206]
[(16, 32), 0.00020876826722338206]
[(17, 0), 0.00020876826722338206]
[(17, 1), 0.00020876826722338206]
[(17, 2), 0.00020876826722338206]
[(17, 3), 0.00020876826722338206]
[(17, 4), 0.00020876826722338206]
[(17, 5), 0.00020876826722338206]
[(17, 6), 0.00020876826722338206]
[(17, 7), 0.00020876826722338206]
[(17, 8), 0.00020876826722338206]
[(17, 9), 0.00020876826722338206]
[(17, 10), 0.00020876826722338206]
[(17, 11), 0.00020876826722338206]
[(17, 12), 0.00020876826722338206]
[(17, 13), 0.00020876826722338206]
[(17, 14), 0.00020876826722338206]
[(17, 15), 0.00020876826722338206]
[(17, 16), 0.00020876826722338206]
[(17, 18), 0.00020876826722338206]
[(17, 19), 0.00020876826722338206]
[(17, 20), 0.00020876826722338206]
[(17, 21), 0.00020876826722338206]
[(17, 22), 0.00020876826722338206]
[(17, 23), 0.00020876826722338206]
[(17, 24), 0.00020876826722338206]
[(17, 25), 0.00020876826722338206]
[(17, 26), 0.00020876826722338206]
[(17, 27), 0.00020876826722338206]
[(17, 28), 0.00020876826722338206]
[(17, 29), 0.00020876826722338206]
[(17, 30), 0.00020876826722338206]
[(17, 31), 0.00020876826722338206]
[(17, 32), 0.00020876826722338206]
[(18, 0), 0.00020876826722338206]
[(18, 1), 0.00020876826722338206]
[(18, 2), 0.00020876826722338206]
[(18, 3), 0.00020876826722338206]
[(18, 4), 0.00020876826722338206]
[(18, 5), 0.00020876826722338206]
[(18, 6), 0.00020876826722338206]
[(18, 7), 0.00020876826722338206]
[(18, 8), 0.00020876826722338206]
[(18, 9), 0.00020876826722338206]
[(18, 10), 0.00020876826722338206]
[(18, 11), 0.00020876826722338206]
[(18, 12), 0.00020876826722338206]
[(18, 13), 0.00020876826722338206]
[(18, 14), 0.00020876826722338206]
[(18, 15), 0.00020876826722338206]
[(18, 16), 0.00020876826722338206]
[(18, 17), 0.00020876826722338206]
[(18, 19), 0.00020876826722338206]
[(18, 20), 0.00020876826722338206]
[(18, 21), 0.00020876826722338206]
[(18, 22), 0.00020876826722338206]
[(18, 23), 0.00020876826722338206]
[(18, 24), 0.00020876826722338206]
[(18, 25), 0.00020876826722338206]
[(18, 26), 0.00020876826722338206]
[(18, 27), 0.00020876826722338206]
[(18, 28), 0.00020876826722338206]
[(18, 29), 0.00020876826722338206]
[(18, 30), 0.00020876826722338206]
[(18, 31), 0.00020876826722338206]
[(18, 32), 0.00020876826722338206]
[(19, 0), 0.00020876826722338206]
[(19, 1), 0.00020876826722338206]
[(19, 2), 0.00020876826722338206]
[(19, 3), 0.00020876826722338206]
[(19, 4), 0.00020876826722338206]
[(19, 5), 0.00020876826722338206]
[(19, 6), 0.00020876826722338206]
[(19, 7), 0.00020876826722338206]
[(19, 8), 0.00020876826722338206]
[(19, 9), 0.00020876826722338206]
[(19, 10), 0.00020876826722338206]
[(19, 11), 0.00020876826722338206]
[(19, 12), 0.00020876826722338206]
[(19, 13), 0.00020876826722338206]
[(19, 14), 0.00020876826722338206]
[(19, 15), 0.00020876826722338206]
[(19, 16), 0.00020876826722338206]
[(19, 17), 0.00020876826722338206]
[(19, 18), 0.00020876826722338206]
[(19, 20), 0.00020876826722338206]
[(19, 21), 0.00020876826722338206]
[(19, 22), 0.00020876826722338206]
[(19, 23), 0.00020876826722338206]
[(19, 24), 0.00020876826722338206]
[(19, 25), 0.00020876826722338206]
[(19, 26), 0.00020876826722338206]
[(19, 27), 0.00020876826722338206]
[(19, 28), 0.00020876826722338206]
[(19, 29), 0.00020876826722338206]
[(19, 30), 0.00020876826722338206]
[(19, 31), 0.00020876826722338206]
[(19, 32), 0.00020876826722338206]
[(20, 0), 0.00020876826722338206]
[(20, 1), 0.00020876826722338206]
[(20, 2), 0.00020876826722338206]
[(20, 3), 0.00020876826722338206]
[(20, 4), 0.00020876826722338206]
[(20, 5), 0.00020876826722338206]
[(20, 6), 0.00020876826722338206]
[(20, 7), 0.00020876826722338206]
[(20, 8), 0.00020876826722338206]
[(20, 9), 0.00020876826722338206]
[(20, 10), 0.00020876826722338206]
[(20, 11), 0.00020876826722338206]
[(20, 12), 0.00020876826722338206]
[(20, 13), 0.00020876826722338206]
[(20, 14), 0.00020876826722338206]
[(20, 15), 0.00020876826722338206]
[(20, 16), 0.00020876826722338206]
[(20, 17), 0.00020876826722338206]
[(20, 18), 0.00020876826722338206]
[(20, 19), 0.00020876826722338206]
[(20, 21), 0.00020876826722338206]
[(20, 22), 0.00020876826722338206]
[(20, 23), 0.00020876826722338206]
[(20, 24), 0.00020876826722338206]
[(20, 25), 0.00020876826722338206]
[(20, 26), 0.00020876826722338206]
[(20, 27), 0.00020876826722338206]
[(20, 28), 0.00020876826722338206]
[(20, 29), 0.00020876826722338206]
[(20, 30), 0.00020876826722338206]
[(20, 31), 0.00020876826722338206]
[(20, 32), 0.00020876826722338206]
[(21, 0), 0.00020876826722338206]
[(21, 1), 0.00020876826722338206]
[(21, 2), 0.00020876826722338206]
[(21, 3), 0.00020876826722338206]
[(21, 4), 0.00020876826722338206]
[(21, 5), 0.00020876826722338206]
[(21, 6), 0.00020876826722338206]
[(21, 7), 0.00020876826722338206]
[(21, 8), 0.00020876826722338206]
[(21, 9), 0.00020876826722338206]
[(21, 10), 0.00020876826722338206]
[(21, 11), 0.00020876826722338206]
[(21, 12), 0.00020876826722338206]
[(21, 13), 0.00020876826722338206]
[(21, 14), 0.00020876826722338206]
[(21, 15), 0.00020876826722338206]
[(21, 16), 0.00020876826722338206]
[(21, 17), 0.00020876826722338206]
[(21, 18), 0.00020876826722338206]
[(21, 19), 0.00020876826722338206]
[(21, 20), 0.00020876826722338206]
[(21, 22), 0.00020876826722338206]
[(21, 23), 0.00020876826722338206]
[(21, 24), 0.00020876826722338206]
[(21, 25), 0.00020876826722338206]
[(21, 26), 0.00020876826722338206]
[(21, 27), 0.00020876826722338206]
[(21, 28), 0.00020876826722338206]
[(21, 29), 0.00020876826722338206]
[(21, 30), 0.00020876826722338206]
[(21, 31), 0.00020876826722338206]
[(21, 32), 0.00020876826722338206]
[(22, 0), 0.00020876826722338206]
[(22, 1), 0.00020876826722338206]
[(22, 2), 0.00020876826722338206]
[(22, 3), 0.00020876826722338206]
[(22, 4), 0.00020876826722338206]
[(22, 5), 0.00020876826722338206]
[(22, 6), 0.00020876826722338206]
[(22, 7), 0.00020876826722338206]
[(22, 8), 0.00020876826722338206]
[(22, 9), 0.00020876826722338206]
[(22, 10), 0.00020876826722338206]
[(22, 11), 0.00020876826722338206]
[(22, 12), 0.00020876826722338206]
[(22, 13), 0.00020876826722338206]
[(22, 14), 0.00020876826722338206]
[(22, 15), 0.00020876826722338206]
[(22, 16), 0.00020876826722338206]
[(22, 17), 0.00020876826722338206]
[(22, 18), 0.00020876826722338206]
[(22, 19), 0.00020876826722338206]
[(22, 20), 0.00020876826722338206]
[(22, 21), 0.00020876826722338206]
[(22, 23), 0.00020876826722338206]
[(22, 24), 0.00020876826722338206]
[(22, 25), 0.00020876826722338206]
[(22, 26), 0.00020876826722338206]
[(22, 27), 0.00020876826722338206]
[(22, 28), 0.00020876826722338206]
[(22, 29), 0.00020876826722338206]
[(22, 30), 0.00020876826722338206]
[(22, 31), 0.00020876826722338206]
[(22, 32), 0.00020876826722338206]
[(23, 0), 0.00020876826722338206]
[(23, 1), 0.00020876826722338206]
[(23, 2), 0.00020876826722338206]
[(23, 3), 0.00020876826722338206]
[(23, 4), 0.00020876826722338206]
[(23, 5), 0.00020876826722338206]
[(23, 6), 0.00020876826722338206]
[(23, 7), 0.00020876826722338206]
[(23, 8), 0.00020876826722338206]
[(23, 9), 0.00020876826722338206]
[(23, 10), 0.00020876826722338206]
[(23, 11), 0.00020876826722338206]
[(23, 12), 0.00020876826722338206]
[(23, 13), 0.00020876826722338206]
[(23, 14), 0.00020876826722338206]
[(23, 15), 0.00020876826722338206]
[(23, 16), 0.00020876826722338206]
[(23, 17), 0.00020876826722338206]
[(23, 18), 0.00020876826722338206]
[(23, 19), 0.00020876826722338206]
[(23, 20), 0.00020876826722338206]
[(23, 21), 0.00020876826722338206]
[(23, 22), 0.00020876826722338206]
[(23, 24), 0.00020876826722338206]
[(23, 25), 0.00020876826722338206]
[(23, 26), 0.00020876826722338206]
[(23, 27), 0.00020876826722338206]
[(23, 28), 0.00020876826722338206]
[(23, 29), 0.00020876826722338206]
[(23, 30), 0.00020876826722338206]
[(23, 31), 0.00020876826722338206]
[(23, 32), 0.00020876826722338206]
[(24, 0), 0.00020876826722338206]
[(24, 1), 0.00020876826722338206]
[(24, 2), 0.00020876826722338206]
[(24, 3), 0.00020876826722338206]
[(24, 4), 0.00020876826722338206]
[(24, 5), 0.00020876826722338206]
[(24, 6), 0.00020876826722338206]
[(24, 7), 0.00020876826722338206]
[(24, 8), 0.00020876826722338206]
[(24, 9), 0.00020876826722338206]
[(24, 10), 0.00020876826722338206]
[(24, 11), 0.00020876826722338206]
[(24, 12), 0.00020876826722338206]
[(24, 13), 0.00020876826722338206]
[(24, 14), 0.00020876826722338206]
[(24, 15), 0.00020876826722338206]
[(24, 16), 0.00020876826722338206]
[(24, 17), 0.00020876826722338206]
[(24, 18), 0.00020876826722338206]
[(24, 19), 0.00020876826722338206]
[(24, 20), 0.00020876826722338206]
[(24, 21), 0.00020876826722338206]
[(24, 22), 0.00020876826722338206]
[(24, 23), 0.00020876826722338206]
[(24, 25), 0.00020876826722338206]
[(24, 26), 0.00020876826722338206]
[(24, 27), 0.00020876826722338206]
[(24, 28), 0.00020876826722338206]
[(24, 29), 0.00020876826722338206]
[(24, 30), 0.00020876826722338206]
[(24, 31), 0.00020876826722338206]
[(24, 32), 0.00020876826722338206]
[(25, 0), 0.00020876826722338206]
[(25, 1), 0.00020876826722338206]
[(25, 2), 0.00020876826722338206]
[(25, 3), 0.00020876826722338206]
[(25, 4), 0.00020876826722338206]
[(25, 5), 0.00020876826722338206]
[(25, 6), 0.00020876826722338206]
[(25, 7), 0.00020876826722338206]
[(25, 8), 0.00020876826722338206]
[(25, 9), 0.00020876826722338206]
[(25, 10), 0.00020876826722338206]
[(25, 11), 0.00020876826722338206]
[(25, 12), 0.00020876826722338206]
[(25, 13), 0.00020876826722338206]
[(25, 14), 0.00020876826722338206]
[(25, 15), 0.00020876826722338206]
[(25, 16), 0.00020876826722338206]
[(25, 17), 0.00020876826722338206]
[(25, 18), 0.00020876826722338206]
[(25, 19), 0.00020876826722338206]
[(25, 20), 0.00020876826722338206]
[(25, 21), 0.00020876826722338206]
[(25, 22), 0.00020876826722338206]
[(25, 23), 0.00020876826722338206]
[(25, 24), 0.00020876826722338206]
[(25, 26), 0.00020876826722338206]
[(25, 27), 0.00020876826722338206]
[(25, 28), 0.00020876826722338206]
[(25, 29), 0.00020876826722338206]
[(25, 30), 0.00020876826722338206]
[(25, 31), 0.00020876826722338206]
[(25, 32), 0.00020876826722338206]
[(26, 0), 0.00020876826722338206]
[(26, 1), 0.00020876826722338206]
[(26, 2), 0.00020876826722338206]
[(26, 3), 0.00020876826722338206]
[(26, 4), 0.00020876826722338206]
[(26, 5), 0.00020876826722338206]
[(26, 6), 0.00020876826722338206]
[(26, 7), 0.00020876826722338206]
[(26, 8), 0.00020876826722338206]
[(26, 9), 0.00020876826722338206]
[(26, 10), 0.00020876826722338206]
[(26, 11), 0.00020876826722338206]
[(26, 12), 0.00020876826722338206]
[(26, 13), 0.00020876826722338206]
[(26, 14), 0.00020876826722338206]
[(26, 15), 0.00020876826722338206]
[(26, 16), 0.00020876826722338206]
[(26, 17), 0.00020876826722338206]
[(26, 18), 0.00020876826722338206]
[(26, 19), 0.00020876826722338206]
[(26, 20), 0.00020876826722338206]
[(26, 21), 0.00020876826722338206]
[(26, 22), 0.00020876826722338206]
[(26, 23), 0.00020876826722338206]
[(26, 24), 0.00020876826722338206]
[(26, 25), 0.00020876826722338206]
[(26, 27), 0.00020876826722338206]
[(26, 28), 0.00020876826722338206]
[(26, 29), 0.00020876826722338206]
[(26, 30), 0.00020876826722338206]
[(26, 31), 0.00020876826722338206]
[(26, 32), 0.00020876826722338206]
[(27, 0), 0.00020876826722338206]
[(27, 1), 0.00020876826722338206]
[(27, 2), 0.00020876826722338206]
[(27, 3), 0.00020876826722338206]
[(27, 4), 0.00020876826722338206]
[(27, 5), 0.00020876826722338206]
[(27, 6), 0.00020876826722338206]
[(27, 7), 0.00020876826722338206]
[(27, 8), 0.00020876826722338206]
[(27, 9), 0.00020876826722338206]
[(27, 10), 0.00020876826722338206]
[(27, 11), 0.00020876826722338206]
[(27, 12), 0.00020876826722338206]
[(27, 13), 0.00020876826722338206]
[(27, 14), 0.00020876826722338206]
[(27, 15), 0.00020876826722338206]
[(27, 16), 0.00020876826722338206]
[(27, 17), 0.00020876826722338206]
[(27, 18), 0.00020876826722338206]
[(27, 19), 0.00020876826722338206]
[(27, 20), 0.00020876826722338206]
[(27, 21), 0.00020876826722338206]
[(27, 22), 0.00020876826722338206]
[(27, 23), 0.00020876826722338206]
[(27, 24), 0.00020876826722338206]
[(27, 25), 0.00020876826722338206]
[(27, 26), 0.00020876826722338206]
[(27, 28), 0.00020876826722338206]
[(27, 29), 0.00020876826722338206]
[(27, 30), 0.00020876826722338206]
[(27, 31), 0.00020876826722338206]
[(27, 32), 0.00020876826722338206]
[(28, 0), 0.00020876826722338206]
[(28, 1), 0.00020876826722338206]
[(28, 2), 0.00020876826722338206]
[(28, 3), 0.00020876826722338206]
[(28, 4), 0.00020876826722338206]
[(28, 5), 0.00020876826722338206]
[(28, 6), 0.00020876826722338206]
[(28, 7), 0.00020876826722338206]
[(28, 8), 0.00020876826722338206]
[(28, 9), 0.00020876826722338206]
[(28, 10), 0.00020876826722338206]
[(28, 11), 0.00020876826722338206]
[(28, 12), 0.00020876826722338206]
[(28, 13), 0.00020876826722338206]
[(28, 14), 0.00020876826722338206]
[(28, 15), 0.00020876826722338206]
[(28, 16), 0.00020876826722338206]
[(28, 17), 0.00020876826722338206]
[(28, 18), 0.00020876826722338206]
[(28, 19), 0.00020876826722338206]
[(28, 20), 0.00020876826722338206]
[(28, 21), 0.00020876826722338206]
[(28, 22), 0.00020876826722338206]
[(28, 23), 0.00020876826722338206]
[(28, 24), 0.00020876826722338206]
[(28, 25), 0.00020876826722338206]
[(28, 26), 0.00020876826722338206]
[(28, 27), 0.00020876826722338206]
[(28, 29), 0.00020876826722338206]
[(28, 30), 0.00020876826722338206]
[(28, 31), 0.00020876826722338206]
[(28, 32), 0.00020876826722338206]
[(29, 0), 0.00020876826722338206]
[(29, 1), 0.00020876826722338206]
[(29, 2), 0.00020876826722338206]
[(29, 3), 0.00020876826722338206]
[(29, 4), 0.00020876826722338206]
[(29, 5), 0.00020876826722338206]
[(29, 6), 0.00020876826722338206]
[(29, 7), 0.00020876826722338206]
[(29, 8), 0.00020876826722338206]
[(29, 9), 0.00020876826722338206]
[(29, 10), 0.00020876826722338206]
[(29, 11), 0.00020876826722338206]
[(29, 12), 0.00020876826722338206]
[(29, 13), 0.00020876826722338206]
[(29, 14), 0.00020876826722338206]
[(29, 15), 0.00020876826722338206]
[(29, 16), 0.00020876826722338206]
[(29, 17), 0.00020876826722338206]
[(29, 18), 0.00020876826722338206]
[(29, 19), 0.00020876826722338206]
[(29, 20), 0.00020876826722338206]
[(29, 21), 0.00020876826722338206]
[(29, 22), 0.00020876826722338206]
[(29, 23), 0.00020876826722338206]
[(29, 24), 0.00020876826722338206]
[(29, 25), 0.00020876826722338206]
[(29, 26), 0.00020876826722338206]
[(29, 27), 0.00020876826722338206]
[(29, 28), 0.00020876826722338206]
[(29, 30), 0.00020876826722338206]
[(29, 31), 0.00020876826722338206]
[(29, 32), 0.00020876826722338206]
[(30, 0), 0.00020876826722338206]
[(30, 1), 0.00020876826722338206]
[(30, 2), 0.00020876826722338206]
[(30, 3), 0.00020876826722338206]
[(30, 4), 0.00020876826722338206]
[(30, 5), 0.00020876826722338206]
[(30, 6), 0.00020876826722338206]
[(30, 7), 0.00020876826722338206]
[(30, 8), 0.00020876826722338206]
[(30, 9), 0.00020876826722338206]
[(30, 10), 0.00020876826722338206]
[(30, 11), 0.00020876826722338206]
[(30, 12), 0.00020876826722338206]
[(30, 13), 0.00020876826722338206]
[(30, 14), 0.00020876826722338206]
[(30, 15), 0.00020876826722338206]
[(30, 16), 0.00020876826722338206]
[(30, 17), 0.00020876826722338206]
[(30, 18), 0.00020876826722338206]
[(30, 19), 0.00020876826722338206]
[(30, 20), 0.00020876826722338206]
[(30, 21), 0.00020876826722338206]
[(30, 22), 0.00020876826722338206]
[(30, 23), 0.00020876826722338206]
[(30, 24), 0.00020876826722338206]
[(30, 25), 0.00020876826722338206]
[(30, 26), 0.00020876826722338206]
[(30, 27), 0.00020876826722338206]
[(30, 28), 0.00020876826722338206]
[(30, 29), 0.00020876826722338206]
[(30, 31), 0.00020876826722338206]
[(30, 32), 0.00020876826722338206]
[(31, 0), 0.00020876826722338206]
[(31, 1), 0.00020876826722338206]
[(31, 2), 0.00020876826722338206]
[(31, 3), 0.00020876826722338206]
[(31, 4), 0.00020876826722338206]
[(31, 5), 0.00020876826722338206]
[(31, 6), 0.00020876826722338206]
[(31, 7), 0.00020876826722338206]
[(31, 8), 0.00020876826722338206]
[(31, 9), 0.00020876826722338206]
[(31, 10), 0.00020876826722338206]
[(31, 11), 0.00020876826722338206]
[(31, 12), 0.00020876826722338206]
[(31, 13), 0.00020876826722338206]
[(31, 14), 0.00020876826722338206]
[(31, 15), 0.00020876826722338206]
[(31, 16), 0.00020876826722338206]
[(31, 17), 0.00020876826722338206]
[(31, 18), 0.00020876826722338206]
[(31, 19), 0.00020876826722338206]
[(31, 20), 0.00020876826722338206]
[(31, 21), 0.00020876826722338206]
[(31, 22), 0.00020876826722338206]
[(31, 23), 0.00020876826722338206]
[(31, 24), 0.00020876826722338206]
[(31, 25), 0.00020876826722338206]
[(31, 26), 0.00020876826722338206]
[(31, 27), 0.00020876826722338206]
[(31, 28), 0.00020876826722338206]
[(31, 29), 0.00020876826722338206]
[(31, 30), 0.00020876826722338206]
[(31, 32), 0.00020876826722338206]
[(32, 0), 0.00020876826722338206]
[(32, 1), 0.00020876826722338206]
[(32, 2), 0.00020876826722338206]
[(32, 3), 0.00020876826722338206]
[(32, 4), 0.00020876826722338206]
[(32, 5), 0.00020876826722338206]
[(32, 6), 0.00020876826722338206]
[(32, 7), 0.00020876826722338206]
[(32, 8), 0.00020876826722338206]
[(32, 9), 0.00020876826722338206]
[(32, 10), 0.00020876826722338206]
[(32, 11), 0.00020876826722338206]
[(32, 12), 0.00020876826722338206]
[(32, 13), 0.00020876826722338206]
[(32, 14), 0.00020876826722338206]
[(32, 15), 0.00020876826722338206]
[(32, 16), 0.00020876826722338206]
[(32, 17), 0.00020876826722338206]
[(32, 18), 0.00020876826722338206]
[(32, 19), 0.00020876826722338206]
[(32, 20), 0.00020876826722338206]
[(32, 21), 0.00020876826722338206]
[(32, 22), 0.00020876826722338206]
[(32, 23), 0.00020876826722338206]
[(32, 24), 0.00020876826722338206]
[(32, 25), 0.00020876826722338206]
[(32, 26), 0.00020876826722338206]
[(32, 27), 0.00020876826722338206]
[(32, 28), 0.00020876826722338206]
[(32, 29), 0.00020876826722338206]
[(32, 30), 0.00020876826722338206]
[(32, 31), 0.00020876826722338206]
