[(6, 17), 0.04196242171189979]
[(6, 21), 0.023799582463465554]
[(21, 17), 0.08872651356993737]
[(27, 26), 0.0041753653444676405]
[(21, 6), 0.028392484342379957]
[(16, 17), 0.004384133611691023]
[(29, 6), 0.005427974947807933]
[(8, 22), 0.0035490605427974946]
[(17, 16), 0.026096033402922755]
[(6, 28), 0.005010438413361169]
[(16, 7), 0.003966597077244259]
[(7, 6), 0.04196242171189979]
[(6, 7), 0.012943632567849687]
[(23, 6), 0.0037578288100208767]
[(17, 21), 0.039457202505219204]
[(1, 6), 0.01941544885177453]
[(6, 23), 0.012526096033402923]
[(17, 6), 0.024217118997912318]
[(22, 6), 0.02881002087682672]
[(6, 29), 0.005010438413361169]
[(16, 6), 0.004592901878914405]
[(6, 1), 0.005636743215031315]
[(1, 17), 0.0041753653444676405]
[(21, 16), 0.008350730688935281]
[(22, 7), 0.01440501043841336]
[(28, 6), 0.005636743215031315]
[(32, 22), 0.006263048016701462]
[(6, 9), 0.0041753653444676405]
[(6, 0), 0.005219206680584551]
[(11, 6), 0.006263048016701462]
[(31, 22), 0.006263048016701462]
[(22, 17), 0.0035490605427974946]
[(30, 6), 0.01127348643006263]
[(7, 21), 0.017954070981210855]
[(7, 1), 0.004801670146137787]
[(15, 22), 0.005427974947807933]
[(22, 19), 0.007306889352818371]
[(7, 19), 0.010855949895615866]
[(22, 1), 0.0037578288100208767]
[(6, 19), 0.020876826722338204]
[(17, 7), 0.0041753653444676405]
[(6, 2), 0.0035490605427974946]
[(4, 6), 0.0060542797494780795]
[(24, 6), 0.0081419624217119]
[(6, 22), 0.004384133611691023]
[(1, 21), 0.0041753653444676405]
[(17, 19), 0.004384133611691023]
[(2, 3), 0.004801670146137787]
[(19, 6), 0.011691022964509395]
[(22, 24), 0.004384133611691023]
[(7, 4), 0.004384133611691023]
[(6, 20), 0.0037578288100208767]
[(6, 30), 0.006263048016701462]
[(3, 2), 0.0035490605427974946]
[(1, 28), 0.0037578288100208767]
[(10, 22), 0.0035490605427974946]
[(30, 17), 0.004592901878914405]
[(0, 6), 0.005219206680584551]
[(6, 18), 0.005636743215031315]
[(12, 17), 0.0037578288100208767]
[(12, 6), 0.0060542797494780795]
[(5, 6), 0.012526096033402923]
[(21, 7), 0.0037578288100208767]
[(14, 6), 0.008350730688935281]
[(6, 14), 0.004384133611691023]
[(5, 7), 0.006471816283924844]
[(7, 25), 0.0035490605427974946]
[(13, 6), 0.0037578288100208767]
[(18, 25), 0.006263048016701462]
[(25, 18), 0.013569937369519834]
[(25, 6), 0.007933194154488519]
[(22, 5), 0.006471816283924844]
[(24, 17), 0.005010438413361169]
[(17, 25), 0.0035490605427974946]
[(6, 25), 0.007306889352818371]
[(0, 0), 0.00020876826722338206]
[(0, 0), 0.00020876826722338206]
[(0, 0), 0.00020876826722338206]
[(0, 0), 0.00020876826722338206]
[(0, 0), 0.00020876826722338206]
[(0, 0), 0.00020876826722338206]
[(0, 0), 0.00020876826722338206]
[(0, 0), 0.00020876826722338206]
[(0, 0), 0.00020876826722338206]
[(0, 0), 0.00020876826722338206]
[(0, 0), 0.00020876826722338206]
[(0, 0), 0.00020876826722338206]
[(0, 0), 0.00020876826722338206]
[(0, 0), 0.00020876826722338206]
[(0, 0), 0.00020876826722338206]
[(0, 0), 0.00020876826722338206]
[(0, 0), 0.00020876826722338206]
[(0, 0), 0.00020876826722338206]
[(0, 0), 0.00020876826722338206]
[(0, 0), 0.00020876826722338206]
[(0, 0), 0.00020876826722338206]
[(0, 0), 0.00020876826722338206]
[(0, 0), 0.00020876826722338206]
[(0, 0), 0.00020876826722338206]
[(0, 0), 0.00020876826722338206]
[(0, 0), 0.00020876826722338206]
[(0, 0), 0.00020876826722338206]
[(0, 0), 0.00020876826722338206]
[(0, 0), 0.00020876826722338206]
[(0, 0), 0.00020876826722338206]
[(0, 0), 0.00020876826722338206]
[(0, 0), 0.00020876826722338206]
[(0, 0), 0.00020876826722338206]
[(0, 0), 0.00020876826722338206]
[(0, 0), 0.00020876826722338206]
[(0, 0), 0.00020876826722338206]
[(0, 0), 0.00020876826722338206]
[(0, 0), 0.00020876826722338206]
[(0, 0), 0.00020876826722338206]
[(0, 0), 0.00020876826722338206]
[(0, 0), 0.00020876826722338206]
[(0, 0), 0.00020876826722338206]
[(0, 0), 0.00020876826722338206]
[(0, 0), 0.00020876826722338206]
[(0, 0), 0.00020876826722338206]
[(0, 0), 0.00020876826722338206]
[(0, 0), 0.00020876826722338206]
[(0, 0), 0.00020876826722338206]
[(0, 0), 0.00020876826722338206]
[(0, 0), 0.00020876826722338206]
[(0, 0), 0.00020876826722338206]
[(0, 0), 0.00020876826722338206]
[(0, 0), 0.00020876826722338206]
[(0, 0), 0.00020876826722338206]
[(0, 0), 0.00020876826722338206]
[(0, 0), 0.00020876826722338206]
[(0, 0), 0.00020876826722338206]
[(0, 0), 0.00020876826722338206]
[(0, 0), 0.00020876826722338206]
[(0, 0), 0.00020876826722338206]
[(0, 0), 0.00020876826722338206]
[(0, 0), 0.00020876826722338206]
[(0, 0), 0.00020876826722338206]
[(0, 0), 0.00020876826722338206]
[(0, 0), 0.00020876826722338206]
[(0, 0), 0.00020876826722338206]
[(0, 0), 0.00020876826722338206]
[(0, 0), 0.00020876826722338206]
[(0, 0), 0.00020876826722338206]
[(0, 0), 0.00020876826722338206]
[(0, 0), 0.00020876826722338206]
[(0, 0), 0.00020876826722338206]
[(0, 0), 0.00020876826722338206]
[(0, 0), 0.00020876826722338206]
[(0, 0), 0.00020876826722338206]
[(0, 0), 0.00020876826722338206]
[(0, 0), 0.00020876826722338206]
[(0, 0), 0.00020876826722338206]
[(0, 0), 0.00020876826722338206]
[(0, 0), 0.00020876826722338206]
[(0, 0), 0.00020876826722338206]
[(0, 0), 0.00020876826722338206]
[(0, 0), 0.00020876826722338206]
[(0, 0), 0.00020876826722338206]
[(0, 0), 0.00020876826722338206]
[(0, 0), 0.00020876826722338206]
[(0, 0), 0.00020876826722338206]
[(0, 0), 0.00020876826722338206]
[(0, 0), 0.00020876826722338206]
[(0, 0), 0.00020876826722338206]
[(0, 0), 0.00020876826722338206]
[(0, 0), 0.00020876826722338206]
[(0, 0), 0.00020876826722338206]
[(0, 0), 0.00020876826722338206]
[(0, 0), 0.00020876826722338206]
[(0, 0), 0.00020876826722338206]
[(0, 0), 0.00020876826722338206]
[(0, 0), 0.00020876826722338206]
[(0, 0), 0.00020876826722338206]
[(0, 0), 0.00020876826722338206]
[(0, 0), 0.00020876826722338206]
[(0, 0), 0.00020876826722338206]
[(0, 0), 0.00020876826722338206]
[(0, 0), 0.00020876826722338206]
[(0, 0), 0.00020876826722338206]
[(0, 0), 0.00020876826722338206]
[(0, 0), 0.00020876826722338206]
[(0, 0), 0.00020876826722338206]
[(0, 0), 0.00020876826722338206]
[(0, 0), 0.00020876826722338206]
[(0, 0), 0.00020876826722338206]
[(0, 0), 0.00020876826722338206]
[(0, 0), 0.00020876826722338206]
[(0, 0), 0.00020876826722338206]
[(0, 0), 0.00020876826722338206]
[(0, 0), 0.00020876826722338206]
[(0, 0), 0.00020876826722338206]
[(0, 0), 0.00020876826722338206]
[(0, 0), 0.00020876826722338206]
[(0, 0), 0.00020876826722338206]
[(0, 0), 0.00020876826722338206]
[(0, 0), 0.00020876826722338206]
[(0, 0), 0.00020876826722338206]
[(0, 0), 0.00020876826722338206]
[(0, 0), 0.00020876826722338206]
[(0, 0), 0.00020876826722338206]
[(0, 0), 0.00020876826722338206]
[(0, 0), 0.00020876826722338206]
[(0, 0), 0.00020876826722338206]
[(0, 0), 0.00020876826722338206]
[(0, 0), 0.00020876826722338206]
[(0, 0), 0.00020876826722338206]
[(0, 0), 0.00020876826722338206]
[(0, 0), 0.00020876826722338206]
[(0, 0), 0.00020876826722338206]
[(0, 0), 0.00020876826722338206]
[(0, 0), 0.00020876826722338206]
[(0, 0), 0.00020876826722338206]
[(0, 0), 0.00020876826722338206]
[(0, 0), 0.00020876826722338206]
[(0, 0), 0.00020876826722338206]
[(0, 0), 0.00020876826722338206]
[(0, 0), 0.00020876826722338206]
[(0, 0), 0.00020876826722338206]
[(0, 0), 0.00020876826722338206]
[(0, 0), 0.00020876826722338206]
[(0, 0), 0.00020876826722338206]
[(0, 0), 0.00020876826722338206]
[(0, 0), 0.00020876826722338206]
[(0, 0), 0.00020876826722338206]
[(0, 0), 0.00020876826722338206]
[(0, 0), 0.00020876826722338206]
[(0, 0), 0.00020876826722338206]
[(0, 0), 0.00020876826722338206]
[(0, 0), 0.00020876826722338206]
[(0, 0), 0.00020876826722338206]
[(0, 0), 0.00020876826722338206]
[(0, 0), 0.00020876826722338206]
[(0, 0), 0.00020876826722338206]
[(0, 0), 0.00020876826722338206]
[(0, 0), 0.00020876826722338206]
[(0, 0), 0.00020876826722338206]
[(0, 0), 0.00020876826722338206]
[(0, 0), 0.00020876826722338206]
[(0, 0), 0.00020876826722338206]
[(0, 0), 0.00020876826722338206]
[(0, 0), 0.00020876826722338206]
[(0, 0), 0.00020876826722338206]
[(0, 0), 0.00020876826722338206]
[(0, 0), 0.00020876826722338206]
[(0, 0), 0.00020876826722338206]
[(0, 0), 0.00020876826722338206]
[(0, 0), 0.00020876826722338206]
[(0, 0), 0.00020876826722338206]
[(0, 0), 0.00020876826722338206]
[(0, 0), 0.00020876826722338206]
[(0, 0), 0.00020876826722338206]
[(0, 0), 0.00020876826722338206]
[(0, 0), 0.00020876826722338206]
[(0, 0), 0.00020876826722338206]
[(0, 0), 0.00020876826722338206]
[(0, 0), 0.00020876826722338206]
[(0, 0), 0.00020876826722338206]
[(0, 0), 0.00020876826722338206]
[(0, 0), 0.00020876826722338206]
[(0, 0), 0.00020876826722338206]
[(0, 0), 0.00020876826722338206]
[(0, 0), 0.00020876826722338206]
[(0, 0), 0.00020876826722338206]
[(0, 0), 0.00020876826722338206]
[(0, 0), 0.00020876826722338206]
[(0, 0), 0.00020876826722338206]
[(0, 0), 0.00020876826722338206]
[(0, 0), 0.00020876826722338206]
[(0, 0), 0.00020876826722338206]
[(0, 0), 0.00020876826722338206]
[(0, 0), 0.00020876826722338206]
[(0, 0), 0.00020876826722338206]
[(0, 0), 0.00020876826722338206]
[(0, 0), 0.00020876826722338206]
[(0, 0), 0.00020876826722338206]
[(0, 0), 0.00020876826722338206]
[(0, 0), 0.00020876826722338206]
[(0, 0), 0.00020876826722338206]
[(0, 0), 0.00020876826722338206]
[(0, 0), 0.00020876826722338206]
[(0, 0), 0.00020876826722338206]
[(0, 0), 0.00020876826722338206]
[(0, 0), 0.00020876826722338206]
[(0, 0), 0.00020876826722338206]
[(0, 0), 0.00020876826722338206]
[(0, 0), 0.00020876826722338206]
[(0, 0), 0.00020876826722338206]
[(0, 0), 0.00020876826722338206]
[(0, 0), 0.00020876826722338206]
[(0, 0), 0.00020876826722338206]
[(0, 0), 0.00020876826722338206]
[(0, 0), 0.00020876826722338206]
[(0, 0), 0.00020876826722338206]
[(0, 0), 0.00020876826722338206]
[(0, 0), 0.00020876826722338206]
[(0, 0), 0.00020876826722338206]
[(0, 0), 0.00020876826722338206]
[(0, 0), 0.00020876826722338206]
[(0, 0), 0.00020876826722338206]
[(0, 0), 0.00020876826722338206]
[(0, 0), 0.00020876826722338206]
[(0, 0), 0.00020876826722338206]
[(0, 0), 0.00020876826722338206]
[(0, 0), 0.00020876826722338206]
[(0, 0), 0.00020876826722338206]
[(0, 0), 0.00020876826722338206]
[(0, 0), 0.00020876826722338206]
[(0, 0), 0.00020876826722338206]
[(0, 0), 0.00020876826722338206]
[(0, 0), 0.00020876826722338206]
[(0, 0), 0.00020876826722338206]
[(0, 0), 0.00020876826722338206]
[(0, 0), 0.00020876826722338206]
[(0, 0), 0.00020876826722338206]
[(0, 0), 0.00020876826722338206]
[(0, 0), 0.00020876826722338206]
[(0, 0), 0.00020876826722338206]
[(0, 0), 0.00020876826722338206]
[(0, 0), 0.00020876826722338206]
[(0, 0), 0.00020876826722338206]
[(0, 0), 0.00020876826722338206]
[(0, 0), 0.00020876826722338206]
[(0, 0), 0.00020876826722338206]
[(0, 0), 0.00020876826722338206]
[(0, 0), 0.00020876826722338206]
[(0, 0), 0.00020876826722338206]
[(0, 0), 0.00020876826722338206]
[(0, 0), 0.00020876826722338206]
[(0, 0), 0.00020876826722338206]
[(0, 0), 0.00020876826722338206]
[(0, 0), 0.00020876826722338206]
[(0, 0), 0.00020876826722338206]
[(0, 0), 0.00020876826722338206]
[(0, 0), 0.00020876826722338206]
[(0, 0), 0.00020876826722338206]
[(0, 0), 0.00020876826722338206]
[(0, 0), 0.00020876826722338206]
[(0, 0), 0.00020876826722338206]
[(0, 0), 0.00020876826722338206]
[(0, 0), 0.00020876826722338206]
[(0, 0), 0.00020876826722338206]
[(0, 0), 0.00020876826722338206]
[(0, 0), 0.00020876826722338206]
[(0, 0), 0.00020876826722338206]
[(0, 0), 0.00020876826722338206]
[(0, 0), 0.00020876826722338206]
[(0, 0), 0.00020876826722338206]
[(0, 0), 0.00020876826722338206]
[(0, 0), 0.00020876826722338206]
[(0, 0), 0.00020876826722338206]
[(0, 0), 0.00020876826722338206]
[(0, 0), 0.00020876826722338206]
[(0, 0), 0.00020876826722338206]
[(0, 0), 0.00020876826722338206]
[(0, 0), 0.00020876826722338206]
[(0, 0), 0.00020876826722338206]
[(0, 0), 0.00020876826722338206]
[(0, 0), 0.00020876826722338206]
[(0, 0), 0.00020876826722338206]
[(0, 0), 0.00020876826722338206]
[(0, 0), 0.00020876826722338206]
[(0, 0), 0.00020876826722338206]
[(0, 0), 0.00020876826722338206]
[(0, 0), 0.00020876826722338206]
[(0, 0), 0.00020876826722338206]
[(0, 0), 0.00020876826722338206]
[(0, 0), 0.00020876826722338206]
[(0, 0), 0.00020876826722338206]
[(0, 0), 0.00020876826722338206]
[(0, 0), 0.00020876826722338206]
[(0, 0), 0.00020876826722338206]
[(0, 0), 0.00020876826722338206]
[(0, 0), 0.00020876826722338206]
[(0, 0), 0.00020876826722338206]
[(0, 0), 0.00020876826722338206]
[(0, 0), 0.00020876826722338206]
[(0, 0), 0.00020876826722338206]
[(0, 0), 0.00020876826722338206]
[(0, 0), 0.00020876826722338206]
[(0, 0), 0.00020876826722338206]
[(0, 0), 0.00020876826722338206]
[(0, 0), 0.00020876826722338206]
[(0, 0), 0.00020876826722338206]
[(0, 0), 0.00020876826722338206]
[(0, 0), 0.00020876826722338206]
[(0, 0), 0.00020876826722338206]
[(0, 0), 0.00020876826722338206]
[(0, 0), 0.00020876826722338206]
[(0, 0), 0.00020876826722338206]
[(0, 0), 0.00020876826722338206]
[(0, 0), 0.00020876826722338206]
[(0, 0), 0.00020876826722338206]
[(0, 0), 0.00020876826722338206]
[(0, 0), 0.00020876826722338206]
[(0, 0), 0.00020876826722338206]
[(0, 0), 0.00020876826722338206]
[(0, 0), 0.00020876826722338206]
[(0, 0), 0.00020876826722338206]
[(0, 0), 0.00020876826722338206]
[(0, 0), 0.00020876826722338206]
[(0, 0), 0.00020876826722338206]
[(0, 0), 0.00020876826722338206]
[(0, 0), 0.00020876826722338206]
[(0, 0), 0.00020876826722338206]
[(0, 0), 0.00020876826722338206]
[(0, 0), 0.00020876826722338206]
[(0, 0), 0.00020876826722338206]
[(0, 0), 0.00020876826722338206]
[(0, 0), 0.00020876826722338206]
[(0, 0), 0.00020876826722338206]
[(0, 0), 0.00020876826722338206]
[(0, 0), 0.00020876826722338206]
[(0, 0), 0.00020876826722338206]
[(0, 0), 0.00020876826722338206]
[(0, 0), 0.00020876826722338206]
[(0, 0), 0.00020876826722338206]
[(0, 0), 0.00020876826722338206]
[(0, 0), 0.00020876826722338206]
[(0, 0), 0.00020876826722338206]
[(0, 0), 0.00020876826722338206]
[(0, 0), 0.00020876826722338206]
[(0, 0), 0.00020876826722338206]
[(0, 0), 0.00020876826722338206]
[(0, 0), 0.00020876826722338206]
[(0, 0), 0.00020876826722338206]
[(0, 0), 0.00020876826722338206]
[(0, 0), 0.00020876826722338206]
[(0, 0), 0.00020876826722338206]
[(0, 0), 0.00020876826722338206]
[(0, 0), 0.00020876826722338206]
[(0, 0), 0.00020876826722338206]
[(0, 0), 0.00020876826722338206]
[(0, 0), 0.00020876826722338206]
[(0, 0), 0.00020876826722338206]
[(0, 0), 0.00020876826722338206]
[(0, 0), 0.00020876826722338206]
[(0, 0), 0.00020876826722338206]
[(0, 0), 0.00020876826722338206]
[(0, 0), 0.00020876826722338206]
[(0, 0), 0.00020876826722338206]
[(0, 0), 0.00020876826722338206]
[(0, 0), 0.00020876826722338206]
[(0, 0), 0.00020876826722338206]
[(0, 0), 0.00020876826722338206]
[(0, 0), 0.00020876826722338206]
[(0, 0), 0.00020876826722338206]
[(0, 0), 0.00020876826722338206]
[(0, 0), 0.00020876826722338206]
[(0, 0), 0.00020876826722338206]
[(0, 0), 0.00020876826722338206]
[(0, 0), 0.00020876826722338206]
[(0, 0), 0.00020876826722338206]
[(0, 0), 0.00020876826722338206]
[(0, 0), 0.00020876826722338206]
[(0, 0), 0.00020876826722338206]
[(0, 0), 0.00020876826722338206]
[(0, 0), 0.00020876826722338206]
[(0, 0), 0.00020876826722338206]
[(0, 0), 0.00020876826722338206]
[(0, 0), 0.00020876826722338206]
[(0, 0), 0.00020876826722338206]
[(0, 0), 0.00020876826722338206]
[(0, 0), 0.00020876826722338206]
[(0, 0), 0.00020876826722338206]
[(0, 0), 0.00020876826722338206]
[(0, 0), 0.00020876826722338206]
[(0, 0), 0.00020876826722338206]
[(0, 0), 0.00020876826722338206]
[(0, 0), 0.00020876826722338206]
[(0, 0), 0.00020876826722338206]
[(0, 0), 0.00020876826722338206]
[(0, 0), 0.00020876826722338206]
[(0, 0), 0.00020876826722338206]
[(0, 0), 0.00020876826722338206]
[(0, 0), 0.00020876826722338206]
[(0, 0), 0.00020876826722338206]
[(0, 0), 0.00020876826722338206]
[(0, 0), 0.00020876826722338206]
[(0, 0), 0.00020876826722338206]
[(0, 0), 0.00020876826722338206]
[(0, 0), 0.00020876826722338206]
[(0, 0), 0.00020876826722338206]
[(0, 0), 0.00020876826722338206]
[(0, 0), 0.00020876826722338206]
[(0, 0), 0.00020876826722338206]
[(0, 0), 0.00020876826722338206]
[(0, 0), 0.00020876826722338206]
[(0, 0), 0.00020876826722338206]
[(0, 0), 0.00020876826722338206]
[(0, 0), 0.00020876826722338206]
[(0, 0), 0.00020876826722338206]
[(0, 0), 0.00020876826722338206]
[(0, 0), 0.00020876826722338206]
[(0, 0), 0.00020876826722338206]
[(0, 0), 0.00020876826722338206]
[(0, 0), 0.00020876826722338206]
[(0, 0), 0.00020876826722338206]
[(0, 0), 0.00020876826722338206]
[(0, 0), 0.00020876826722338206]
[(0, 0), 0.00020876826722338206]
[(0, 0), 0.00020876826722338206]
[(0, 0), 0.00020876826722338206]
[(0, 0), 0.00020876826722338206]
[(0, 0), 0.00020876826722338206]
[(0, 0), 0.00020876826722338206]
[(0, 0), 0.00020876826722338206]
[(0, 0), 0.00020876826722338206]
[(0, 0), 0.00020876826722338206]
[(0, 0), 0.00020876826722338206]
[(0, 0), 0.00020876826722338206]
[(0, 0), 0.00020876826722338206]
[(0, 0), 0.00020876826722338206]
[(0, 0), 0.00020876826722338206]
[(0, 0), 0.00020876826722338206]
[(0, 0), 0.00020876826722338206]
[(0, 0), 0.00020876826722338206]
[(0, 0), 0.00020876826722338206]
[(0, 0), 0.00020876826722338206]
[(0, 0), 0.00020876826722338206]
[(0, 0), 0.00020876826722338206]
[(0, 0), 0.00020876826722338206]
[(0, 0), 0.00020876826722338206]
[(0, 0), 0.00020876826722338206]
[(0, 0), 0.00020876826722338206]
[(0, 0), 0.00020876826722338206]
[(0, 0), 0.00020876826722338206]
[(0, 0), 0.00020876826722338206]
[(0, 0), 0.00020876826722338206]
[(0, 0), 0.00020876826722338206]
[(0, 0), 0.00020876826722338206]
[(0, 0), 0.00020876826722338206]
[(0, 0), 0.00020876826722338206]
[(0, 0), 0.00020876826722338206]
[(0, 0), 0.00020876826722338206]
[(0, 0), 0.00020876826722338206]
[(0, 0), 0.00020876826722338206]
[(0, 0), 0.00020876826722338206]
[(0, 0), 0.00020876826722338206]
[(0, 0), 0.00020876826722338206]
[(0, 0), 0.00020876826722338206]
[(0, 0), 0.00020876826722338206]
[(0, 0), 0.00020876826722338206]
[(0, 0), 0.00020876826722338206]
[(0, 0), 0.00020876826722338206]
[(0, 0), 0.00020876826722338206]
[(0, 0), 0.00020876826722338206]
[(0, 0), 0.00020876826722338206]
[(0, 0), 0.00020876826722338206]
[(0, 0), 0.00020876826722338206]
[(0, 0), 0.00020876826722338206]
[(0, 0), 0.00020876826722338206]
[(0, 0), 0.00020876826722338206]
[(0, 0), 0.00020876826722338206]
[(0, 0), 0.00020876826722338206]
[(0, 0), 0.00020876826722338206]
[(0, 0), 0.00020876826722338206]
[(0, 0), 0.00020876826722338206]
[(0, 0), 0.00020876826722338206]
[(0, 0), 0.00020876826722338206]
[(0, 0), 0.00020876826722338206]
[(0, 0), 0.00020876826722338206]
[(0, 0), 0.00020876826722338206]
[(0, 0), 0.00020876826722338206]
[(0, 0), 0.00020876826722338206]
[(0, 0), 0.00020876826722338206]
[(0, 0), 0.00020876826722338206]
[(0, 0), 0.00020876826722338206]
[(0, 0), 0.00020876826722338206]
[(0, 0), 0.00020876826722338206]
[(0, 0), 0.00020876826722338206]
[(0, 0), 0.00020876826722338206]
[(0, 0), 0.00020876826722338206]
[(0, 0), 0.00020876826722338206]
[(0, 0), 0.00020876826722338206]
[(0, 0), 0.00020876826722338206]
[(0, 0), 0.00020876826722338206]
[(0, 0), 0.00020876826722338206]
[(0, 0), 0.00020876826722338206]
[(0, 0), 0.00020876826722338206]
[(0, 0), 0.00020876826722338206]
[(0, 0), 0.00020876826722338206]
[(0, 0), 0.00020876826722338206]
[(0, 0), 0.00020876826722338206]
[(0, 0), 0.00020876826722338206]
[(0, 0), 0.00020876826722338206]
[(0, 0), 0.00020876826722338206]
[(0, 0), 0.00020876826722338206]
[(0, 0), 0.00020876826722338206]
[(0, 0), 0.00020876826722338206]
[(0, 0), 0.00020876826722338206]
[(0, 0), 0.00020876826722338206]
[(0, 0), 0.00020876826722338206]
[(0, 0), 0.00020876826722338206]
[(0, 0), 0.00020876826722338206]
[(0, 0), 0.00020876826722338206]
[(0, 0), 0.00020876826722338206]
[(0, 0), 0.00020876826722338206]
[(0, 0), 0.00020876826722338206]
[(0, 0), 0.00020876826722338206]
[(0, 0), 0.00020876826722338206]
[(0, 0), 0.00020876826722338206]
[(0, 0), 0.00020876826722338206]
[(0, 0), 0.00020876826722338206]
[(0, 0), 0.00020876826722338206]
[(0, 0), 0.00020876826722338206]
[(0, 0), 0.00020876826722338206]
[(0, 0), 0.00020876826722338206]
[(0, 0), 0.00020876826722338206]
[(0, 0), 0.00020876826722338206]
[(0, 0), 0.00020876826722338206]
[(0, 0), 0.00020876826722338206]
[(0, 0), 0.00020876826722338206]
[(0, 0), 0.00020876826722338206]
[(0, 0), 0.00020876826722338206]
[(0, 0), 0.00020876826722338206]
[(0, 0), 0.00020876826722338206]
[(0, 0), 0.00020876826722338206]
[(0, 0), 0.00020876826722338206]
[(0, 0), 0.00020876826722338206]
[(0, 0), 0.00020876826722338206]
[(0, 0), 0.00020876826722338206]
[(0, 0), 0.00020876826722338206]
[(0, 0), 0.00020876826722338206]
[(0, 0), 0.00020876826722338206]
[(0, 0), 0.00020876826722338206]
[(0, 0), 0.00020876826722338206]
[(0, 0), 0.00020876826722338206]
[(0, 0), 0.00020876826722338206]
[(0, 0), 0.00020876826722338206]
[(0, 0), 0.00020876826722338206]
[(0, 0), 0.00020876826722338206]
[(0, 0), 0.00020876826722338206]
[(0, 0), 0.00020876826722338206]
[(0, 0), 0.00020876826722338206]
[(0, 0), 0.00020876826722338206]
[(0, 0), 0.00020876826722338206]
[(0, 0), 0.00020876826722338206]
[(0, 0), 0.00020876826722338206]
[(0, 0), 0.00020876826722338206]
[(0, 0), 0.00020876826722338206]
[(0, 0), 0.00020876826722338206]
[(0, 0), 0.00020876826722338206]
[(0, 0), 0.00020876826722338206]
[(0, 0), 0.00020876826722338206]
[(0, 0), 0.00020876826722338206]
[(0, 0), 0.00020876826722338206]
[(0, 0), 0.00020876826722338206]
[(0, 0), 0.00020876826722338206]
[(0, 0), 0.00020876826722338206]
[(0, 0), 0.00020876826722338206]
[(0, 0), 0.00020876826722338206]
[(0, 0), 0.00020876826722338206]
[(0, 0), 0.00020876826722338206]
[(0, 0), 0.00020876826722338206]
[(0, 0), 0.00020876826722338206]
[(0, 0), 0.00020876826722338206]
[(0, 0), 0.00020876826722338206]
[(0, 0), 0.00020876826722338206]
[(0, 0), 0.00020876826722338206]
[(0, 0), 0.00020876826722338206]
[(0, 0), 0.00020876826722338206]
[(0, 0), 0.00020876826722338206]
[(0, 0), 0.00020876826722338206]
[(0, 0), 0.00020876826722338206]
[(0, 0), 0.00020876826722338206]
[(0, 0), 0.00020876826722338206]
[(0, 0), 0.00020876826722338206]
[(0, 0), 0.00020876826722338206]
[(0, 0), 0.00020876826722338206]
[(0, 0), 0.00020876826722338206]
[(0, 0), 0.00020876826722338206]
[(0, 0), 0.00020876826722338206]
[(0, 0), 0.00020876826722338206]
[(0, 0), 0.00020876826722338206]
[(0, 0), 0.00020876826722338206]
[(0, 0), 0.00020876826722338206]
[(0, 0), 0.00020876826722338206]
[(0, 0), 0.00020876826722338206]
[(0, 0), 0.00020876826722338206]
[(0, 0), 0.00020876826722338206]
[(0, 0), 0.00020876826722338206]
[(0, 0), 0.00020876826722338206]
[(0, 0), 0.00020876826722338206]
[(0, 0), 0.00020876826722338206]
[(0, 0), 0.00020876826722338206]
[(0, 0), 0.00020876826722338206]
[(0, 0), 0.00020876826722338206]
[(0, 0), 0.00020876826722338206]
[(0, 0), 0.00020876826722338206]
[(0, 0), 0.00020876826722338206]
[(0, 0), 0.00020876826722338206]
[(0, 0), 0.00020876826722338206]
[(0, 0), 0.00020876826722338206]
[(0, 0), 0.00020876826722338206]
[(0, 0), 0.00020876826722338206]
[(0, 0), 0.00020876826722338206]
[(0, 0), 0.00020876826722338206]
[(0, 0), 0.00020876826722338206]
[(0, 0), 0.00020876826722338206]
[(0, 0), 0.00020876826722338206]
[(0, 0), 0.00020876826722338206]
[(0, 0), 0.00020876826722338206]
[(0, 0), 0.00020876826722338206]
[(0, 0), 0.00020876826722338206]
[(0, 0), 0.00020876826722338206]
[(0, 0), 0.00020876826722338206]
[(0, 0), 0.00020876826722338206]
[(0, 0), 0.00020876826722338206]
[(0, 0), 0.00020876826722338206]
[(0, 0), 0.00020876826722338206]
[(0, 0), 0.00020876826722338206]
[(0, 0), 0.00020876826722338206]
[(0, 0), 0.00020876826722338206]
[(0, 0), 0.00020876826722338206]
[(0, 0), 0.00020876826722338206]
[(0, 0), 0.00020876826722338206]
[(0, 0), 0.00020876826722338206]
[(0, 0), 0.00020876826722338206]
[(0, 0), 0.00020876826722338206]
[(0, 0), 0.00020876826722338206]
[(0, 0), 0.00020876826722338206]
[(0, 0), 0.00020876826722338206]
[(0, 0), 0.00020876826722338206]
[(0, 0), 0.00020876826722338206]
[(0, 0), 0.00020876826722338206]
[(0, 0), 0.00020876826722338206]
[(0, 0), 0.00020876826722338206]
[(0, 0), 0.00020876826722338206]
[(0, 0), 0.00020876826722338206]
[(0, 0), 0.00020876826722338206]
[(0, 0), 0.00020876826722338206]
[(0, 0), 0.00020876826722338206]
[(0, 0), 0.00020876826722338206]
[(0, 0), 0.00020876826722338206]
[(0, 0), 0.00020876826722338206]
[(0, 0), 0.00020876826722338206]
[(0, 0), 0.00020876826722338206]
[(0, 0), 0.00020876826722338206]
[(0, 0), 0.00020876826722338206]
[(0, 0), 0.00020876826722338206]
[(0, 0), 0.00020876826722338206]
[(0, 0), 0.00020876826722338206]
[(0, 0), 0.00020876826722338206]
[(0, 0), 0.00020876826722338206]
[(0, 0), 0.00020876826722338206]
[(0, 0), 0.00020876826722338206]
[(0, 0), 0.00020876826722338206]
[(0, 0), 0.00020876826722338206]
[(0, 0), 0.00020876826722338206]
[(0, 0), 0.00020876826722338206]
[(0, 0), 0.00020876826722338206]
[(0, 0), 0.00020876826722338206]
[(0, 0), 0.00020876826722338206]
[(0, 0), 0.00020876826722338206]
[(0, 0), 0.00020876826722338206]
[(0, 0), 0.00020876826722338206]
[(0, 0), 0.00020876826722338206]
[(0, 0), 0.00020876826722338206]
[(0, 0), 0.00020876826722338206]
[(0, 0), 0.00020876826722338206]
[(0, 0), 0.00020876826722338206]
[(0, 0), 0.00020876826722338206]
[(0, 0), 0.00020876826722338206]
[(0, 0), 0.00020876826722338206]
[(0, 0), 0.00020876826722338206]
[(0, 0), 0.00020876826722338206]
[(0, 0), 0.00020876826722338206]
[(0, 0), 0.00020876826722338206]
[(0, 0), 0.00020876826722338206]
[(0, 0), 0.00020876826722338206]
[(0, 0), 0.00020876826722338206]
[(0, 0), 0.00020876826722338206]
[(0, 0), 0.00020876826722338206]
[(0, 0), 0.00020876826722338206]
[(0, 0), 0.00020876826722338206]
[(0, 0), 0.00020876826722338206]
[(0, 0), 0.00020876826722338206]
[(0, 0), 0.00020876826722338206]
[(0, 0), 0.00020876826722338206]
[(0, 0), 0.00020876826722338206]
[(0, 0), 0.00020876826722338206]
[(0, 0), 0.00020876826722338206]
[(0, 0), 0.00020876826722338206]
[(0, 0), 0.00020876826722338206]
[(0, 0), 0.00020876826722338206]
[(0, 0), 0.00020876826722338206]
[(0, 0), 0.00020876826722338206]
[(0, 0), 0.00020876826722338206]
[(0, 0), 0.00020876826722338206]
[(0, 0), 0.00020876826722338206]
[(0, 0), 0.00020876826722338206]
[(0, 0), 0.00020876826722338206]
[(0, 0), 0.00020876826722338206]
[(0, 0), 0.00020876826722338206]
[(0, 0), 0.00020876826722338206]
[(0, 0), 0.00020876826722338206]
[(0, 0), 0.00020876826722338206]
[(0, 0), 0.00020876826722338206]
[(0, 0), 0.00020876826722338206]
[(0, 0), 0.00020876826722338206]
[(0, 0), 0.00020876826722338206]
[(0, 0), 0.00020876826722338206]
[(0, 0), 0.00020876826722338206]
[(0, 0), 0.00020876826722338206]
[(0, 0), 0.00020876826722338206]
[(0, 0), 0.00020876826722338206]
[(0, 0), 0.00020876826722338206]
[(0, 0), 0.00020876826722338206]
[(0, 0), 0.00020876826722338206]
[(0, 0), 0.00020876826722338206]
[(0, 0), 0.00020876826722338206]
[(0, 0), 0.00020876826722338206]
[(0, 0), 0.00020876826722338206]
[(0, 0), 0.00020876826722338206]
[(0, 0), 0.00020876826722338206]
[(0, 0), 0.00020876826722338206]
[(0, 0), 0.00020876826722338206]
[(0, 0), 0.00020876826722338206]
[(0, 0), 0.00020876826722338206]
[(0, 0), 0.00020876826722338206]
[(0, 0), 0.00020876826722338206]
[(0, 0), 0.00020876826722338206]
[(0, 0), 0.00020876826722338206]
[(0, 0), 0.00020876826722338206]
[(0, 0), 0.00020876826722338206]
[(0, 0), 0.00020876826722338206]
[(0, 0), 0.00020876826722338206]
[(0, 0), 0.00020876826722338206]
[(0, 0), 0.00020876826722338206]
[(0, 0), 0.00020876826722338206]
[(0, 0), 0.00020876826722338206]
[(0, 0), 0.00020876826722338206]
[(0, 0), 0.00020876826722338206]
[(0, 0), 0.00020876826722338206]
[(0, 0), 0.00020876826722338206]
[(0, 0), 0.00020876826722338206]
[(0, 0), 0.00020876826722338206]
[(0, 0), 0.00020876826722338206]
[(0, 0), 0.00020876826722338206]
[(0, 0), 0.00020876826722338206]
[(0, 0), 0.00020876826722338206]
[(0, 0), 0.00020876826722338206]
[(0, 0), 0.00020876826722338206]
[(0, 0), 0.00020876826722338206]
[(0, 0), 0.00020876826722338206]
[(0, 0), 0.00020876826722338206]
[(0, 0), 0.00020876826722338206]
[(0, 0), 0.00020876826722338206]
[(0, 0), 0.00020876826722338206]
[(0, 0), 0.00020876826722338206]
[(0, 0), 0.00020876826722338206]
[(0, 0), 0.00020876826722338206]
[(0, 0), 0.00020876826722338206]
[(0, 0), 0.00020876826722338206]
[(0, 0), 0.00020876826722338206]
[(0, 0), 0.00020876826722338206]
[(0, 0), 0.00020876826722338206]
[(0, 0), 0.00020876826722338206]
[(0, 0), 0.00020876826722338206]
[(0, 0), 0.00020876826722338206]
[(0, 0), 0.00020876826722338206]
[(0, 0), 0.00020876826722338206]
[(0, 0), 0.00020876826722338206]
[(0, 0), 0.00020876826722338206]
[(0, 0), 0.00020876826722338206]
[(0, 0), 0.00020876826722338206]
[(0, 0), 0.00020876826722338206]
[(0, 0), 0.00020876826722338206]
[(0, 0), 0.00020876826722338206]
[(0, 0), 0.00020876826722338206]
[(0, 0), 0.00020876826722338206]
[(0, 0), 0.00020876826722338206]
[(0, 0), 0.00020876826722338206]
[(0, 0), 0.00020876826722338206]
[(0, 0), 0.00020876826722338206]
[(0, 0), 0.00020876826722338206]
[(0, 0), 0.00020876826722338206]
[(0, 0), 0.00020876826722338206]
[(0, 0), 0.00020876826722338206]
[(0, 0), 0.00020876826722338206]
[(0, 0), 0.00020876826722338206]
[(0, 0), 0.00020876826722338206]
[(0, 0), 0.00020876826722338206]
[(0, 0), 0.00020876826722338206]
[(0, 0), 0.00020876826722338206]
[(0, 0), 0.00020876826722338206]
[(0, 0), 0.00020876826722338206]
[(0, 0), 0.00020876826722338206]
[(0, 0), 0.00020876826722338206]
[(0, 0), 0.00020876826722338206]
[(0, 0), 0.00020876826722338206]
[(0, 0), 0.00020876826722338206]
[(0, 0), 0.00020876826722338206]
[(0, 0), 0.00020876826722338206]
[(0, 0), 0.00020876826722338206]
[(0, 0), 0.00020876826722338206]
[(0, 0), 0.00020876826722338206]
[(0, 0), 0.00020876826722338206]
[(0, 0), 0.00020876826722338206]
[(0, 0), 0.00020876826722338206]
[(0, 0), 0.00020876826722338206]
[(0, 0), 0.00020876826722338206]
[(0, 0), 0.00020876826722338206]
[(0, 0), 0.00020876826722338206]
[(0, 0), 0.00020876826722338206]
[(0, 0), 0.00020876826722338206]
[(0, 0), 0.00020876826722338206]
[(0, 0), 0.00020876826722338206]
[(0, 0), 0.00020876826722338206]
[(0, 0), 0.00020876826722338206]
[(0, 0), 0.00020876826722338206]
[(0, 0), 0.00020876826722338206]
[(0, 0), 0.00020876826722338206]
[(0, 0), 0.00020876826722338206]
[(0, 0), 0.00020876826722338206]
[(0, 0), 0.00020876826722338206]
[(0, 0), 0.00020876826722338206]
[(0, 0), 0.00020876826722338206]
[(0, 0), 0.00020876826722338206]
[(0, 0), 0.00020876826722338206]
[(0, 0), 0.00020876826722338206]
[(0, 0), 0.00020876826722338206]
[(0, 0), 0.00020876826722338206]
[(0, 0), 0.00020876826722338206]
[(0, 0), 0.00020876826722338206]
[(0, 0), 0.00020876826722338206]
[(0, 0), 0.00020876826722338206]
[(0, 0), 0.00020876826722338206]
[(0, 0), 0.00020876826722338206]
[(0, 0), 0.00020876826722338206]
[(0, 0), 0.00020876826722338206]
[(0, 0), 0.00020876826722338206]
[(0, 0), 0.00020876826722338206]
[(0, 0), 0.00020876826722338206]
[(0, 0), 0.00020876826722338206]
[(0, 0), 0.00020876826722338206]
[(0, 0), 0.00020876826722338206]
[(0, 0), 0.00020876826722338206]
[(0, 0), 0.00020876826722338206]
[(0, 0), 0.00020876826722338206]
[(0, 0), 0.00020876826722338206]
[(0, 0), 0.00020876826722338206]
[(0, 0), 0.00020876826722338206]
[(0, 0), 0.00020876826722338206]
[(0, 0), 0.00020876826722338206]
[(0, 0), 0.00020876826722338206]
[(0, 0), 0.00020876826722338206]
[(0, 0), 0.00020876826722338206]
[(0, 0), 0.00020876826722338206]
[(0, 0), 0.00020876826722338206]
[(0, 0), 0.00020876826722338206]
[(0, 0), 0.00020876826722338206]
[(0, 0), 0.00020876826722338206]
[(0, 0), 0.00020876826722338206]
[(0, 0), 0.00020876826722338206]
[(0, 0), 0.00020876826722338206]
[(0, 0), 0.00020876826722338206]
[(0, 0), 0.00020876826722338206]
[(0, 0), 0.00020876826722338206]
[(0, 0), 0.00020876826722338206]
[(0, 0), 0.00020876826722338206]
[(0, 0), 0.00020876826722338206]
[(0, 0), 0.00020876826722338206]
[(0, 0), 0.00020876826722338206]
[(0, 0), 0.00020876826722338206]
[(0, 0), 0.00020876826722338206]
[(0, 0), 0.00020876826722338206]
[(0, 0), 0.00020876826722338206]
[(0, 0), 0.00020876826722338206]
[(0, 0), 0.00020876826722338206]
[(0, 0), 0.00020876826722338206]
[(0, 0), 0.00020876826722338206]
[(0, 0), 0.00020876826722338206]
[(0, 0), 0.00020876826722338206]
[(0, 0), 0.00020876826722338206]
[(0, 0), 0.00020876826722338206]
[(0, 0), 0.00020876826722338206]
[(0, 0), 0.00020876826722338206]
[(0, 0), 0.00020876826722338206]
[(0, 0), 0.00020876826722338206]
[(0, 0), 0.00020876826722338206]
[(0, 0), 0.00020876826722338206]
[(0, 0), 0.00020876826722338206]
[(0, 0), 0.00020876826722338206]
[(0, 0), 0.00020876826722338206]
[(0, 0), 0.00020876826722338206]
[(0, 0), 0.00020876826722338206]
[(0, 0), 0.00020876826722338206]
[(0, 0), 0.00020876826722338206]
[(0, 0), 0.00020876826722338206]
[(0, 0), 0.00020876826722338206]
[(0, 0), 0.00020876826722338206]
[(0, 0), 0.00020876826722338206]
[(0, 0), 0.00020876826722338206]
[(0, 0), 0.00020876826722338206]
[(0, 0), 0.00020876826722338206]
[(0, 0), 0.00020876826722338206]
[(0, 0), 0.00020876826722338206]
[(0, 0), 0.00020876826722338206]
[(0, 0), 0.00020876826722338206]
[(0, 0), 0.00020876826722338206]
[(0, 0), 0.00020876826722338206]
[(0, 0), 0.00020876826722338206]
[(0, 0), 0.00020876826722338206]
[(0, 0), 0.00020876826722338206]
[(0, 0), 0.00020876826722338206]
[(0, 0), 0.00020876826722338206]
[(0, 0), 0.00020876826722338206]
[(0, 0), 0.00020876826722338206]
[(0, 0), 0.00020876826722338206]
[(0, 0), 0.00020876826722338206]
[(0, 0), 0.00020876826722338206]
[(0, 0), 0.00020876826722338206]
[(0, 0), 0.00020876826722338206]
[(0, 0), 0.00020876826722338206]
[(0, 0), 0.00020876826722338206]
[(0, 0), 0.00020876826722338206]
[(0, 0), 0.00020876826722338206]
[(0, 0), 0.00020876826722338206]
[(0, 0), 0.00020876826722338206]
[(0, 0), 0.00020876826722338206]
[(0, 0), 0.00020876826722338206]
[(0, 0), 0.00020876826722338206]
[(0, 0), 0.00020876826722338206]
[(0, 0), 0.00020876826722338206]
[(0, 0), 0.00020876826722338206]
[(0, 0), 0.00020876826722338206]
[(0, 0), 0.00020876826722338206]
[(0, 0), 0.00020876826722338206]
[(0, 0), 0.00020876826722338206]
[(0, 0), 0.00020876826722338206]
[(0, 0), 0.00020876826722338206]
[(0, 0), 0.00020876826722338206]
[(0, 0), 0.00020876826722338206]
[(0, 0), 0.00020876826722338206]
[(0, 0), 0.00020876826722338206]
[(0, 0), 0.00020876826722338206]
[(0, 0), 0.00020876826722338206]
[(0, 0), 0.00020876826722338206]
[(0, 0), 0.00020876826722338206]
[(0, 0), 0.00020876826722338206]
[(0, 0), 0.00020876826722338206]
[(0, 0), 0.00020876826722338206]
[(0, 0), 0.00020876826722338206]
[(0, 0), 0.00020876826722338206]
[(0, 0), 0.00020876826722338206]
[(0, 0), 0.00020876826722338206]
[(0, 0), 0.00020876826722338206]
[(0, 0), 0.00020876826722338206]
[(0, 0), 0.00020876826722338206]
[(0, 0), 0.00020876826722338206]
[(0, 0), 0.00020876826722338206]
[(0, 0), 0.00020876826722338206]
[(0, 0), 0.00020876826722338206]
[(0, 0), 0.00020876826722338206]
[(0, 0), 0.00020876826722338206]
[(0, 0), 0.00020876826722338206]
[(0, 0), 0.00020876826722338206]
[(0, 0), 0.00020876826722338206]
[(0, 0), 0.00020876826722338206]
[(0, 0), 0.00020876826722338206]
[(0, 0), 0.00020876826722338206]
[(0, 0), 0.00020876826722338206]
[(0, 0), 0.00020876826722338206]
[(0, 0), 0.00020876826722338206]
[(0, 0), 0.00020876826722338206]
[(0, 0), 0.00020876826722338206]
[(0, 0), 0.00020876826722338206]
[(0, 0), 0.00020876826722338206]
[(0, 0), 0.00020876826722338206]
[(0, 0), 0.00020876826722338206]
[(0, 0), 0.00020876826722338206]
[(0, 0), 0.00020876826722338206]
[(0, 0), 0.00020876826722338206]
[(0, 0), 0.00020876826722338206]
[(0, 0), 0.00020876826722338206]
[(0, 0), 0.00020876826722338206]
[(0, 0), 0.00020876826722338206]
[(0, 0), 0.00020876826722338206]
[(0, 0), 0.00020876826722338206]
[(0, 0), 0.00020876826722338206]
[(0, 0), 0.00020876826722338206]
[(0, 0), 0.00020876826722338206]
[(0, 0), 0.00020876826722338206]
[(0, 0), 0.00020876826722338206]
[(0, 0), 0.00020876826722338206]
[(0, 0), 0.00020876826722338206]
[(0, 0), 0.00020876826722338206]
[(0, 0), 0.00020876826722338206]
[(0, 0), 0.00020876826722338206]
[(0, 0), 0.00020876826722338206]
[(0, 0), 0.00020876826722338206]
[(0, 0), 0.00020876826722338206]
[(0, 0), 0.00020876826722338206]
[(0, 0), 0.00020876826722338206]
[(0, 0), 0.00020876826722338206]
[(0, 0), 0.00020876826722338206]
[(0, 0), 0.00020876826722338206]
[(0, 0), 0.00020876826722338206]
[(0, 0), 0.00020876826722338206]
[(0, 0), 0.00020876826722338206]
[(0, 0), 0.00020876826722338206]
[(0, 0), 0.00020876826722338206]
[(0, 0), 0.00020876826722338206]
[(0, 0), 0.00020876826722338206]
[(0, 0), 0.00020876826722338206]
[(0, 0), 0.00020876826722338206]
[(0, 0), 0.00020876826722338206]
[(0, 0), 0.00020876826722338206]
[(0, 0), 0.00020876826722338206]
[(0, 0), 0.00020876826722338206]
[(0, 0), 0.00020876826722338206]
[(0, 0), 0.00020876826722338206]
[(0, 0), 0.00020876826722338206]
[(0, 0), 0.00020876826722338206]
[(0, 0), 0.00020876826722338206]
[(0, 0), 0.00020876826722338206]
[(0, 0), 0.00020876826722338206]
[(0, 0), 0.00020876826722338206]
[(0, 0), 0.00020876826722338206]
[(0, 0), 0.00020876826722338206]
[(0, 0), 0.00020876826722338206]
[(0, 0), 0.00020876826722338206]
[(0, 0), 0.00020876826722338206]
[(0, 0), 0.00020876826722338206]
[(0, 0), 0.00020876826722338206]
[(0, 0), 0.00020876826722338206]
[(0, 0), 0.00020876826722338206]
[(0, 0), 0.00020876826722338206]
[(0, 0), 0.00020876826722338206]
