[(20, 32), 0.0335559265442404]
[(20, 31), 0.019031719532554257]
[(31, 32), 0.0709515859766277]
[(33, 14), 0.00333889816360601]
[(8, 20), 0.0025041736227045075]
[(31, 20), 0.02270450751252087]
[(15, 32), 0.0035058430717863106]
[(28, 20), 0.004340567612687813]
[(3, 20), 0.002671118530884808]
[(2, 30), 0.0025041736227045075]
[(32, 15), 0.020868113522537562]
[(20, 34), 0.004006677796327212]
[(15, 18), 0.0031719532554257096]
[(18, 20), 0.0335559265442404]
[(20, 18), 0.010350584307178631]
[(6, 20), 0.003005008347245409]
[(18, 32), 0.0025041736227045075]
[(32, 31), 0.031552587646076796]
[(26, 20), 0.015525876460767947]
[(20, 6), 0.01001669449081803]
[(32, 20), 0.019365609348914858]
[(30, 20), 0.022203672787979967]
[(20, 28), 0.004006677796327212]
[(15, 20), 0.003672787979966611]
[(20, 26), 0.004507512520868113]
[(26, 32), 0.00333889816360601]
[(31, 15), 0.00667779632721202]
[(30, 18), 0.011352253756260434]
[(34, 20), 0.004507512520868113]
[(10, 30), 0.005008347245409015]
[(20, 3), 0.00333889816360601]
[(15, 38), 0.002671118530884808]
[(20, 9), 0.0025041736227045075]
[(20, 5), 0.004173622704507512]
[(13, 20), 0.005008347245409015]
[(23, 30), 0.005008347245409015]
[(30, 32), 0.0028380634390651085]
[(20, 12), 0.002671118530884808]
[(25, 20), 0.009015025041736227]
[(18, 31), 0.014357262103505844]
[(18, 26), 0.0038397328881469117]
[(24, 30), 0.0025041736227045075]
[(35, 30), 0.004173622704507512]
[(30, 27), 0.005843071786310518]
[(18, 27), 0.008681135225375626]
[(30, 26), 0.002671118530884808]
[(20, 27), 0.01669449081803005]
[(32, 18), 0.00333889816360601]
[(27, 17), 0.0025041736227045075]
[(20, 17), 0.0028380634390651085]
[(21, 20), 0.004841402337228714]
[(7, 20), 0.00651085141903172]
[(20, 30), 0.003005008347245409]
[(26, 31), 0.00333889816360601]
[(32, 27), 0.0035058430717863106]
[(4, 30), 0.0025041736227045075]
[(17, 36), 0.0038397328881469117]
[(27, 20), 0.009348914858096828]
[(32, 25), 0.0025041736227045075]
[(30, 7), 0.0035058430717863106]
[(18, 21), 0.0035058430717863106]
[(20, 22), 0.003005008347245409]
[(20, 25), 0.005008347245409015]
[(32, 6), 0.002671118530884808]
[(30, 25), 0.002671118530884808]
[(36, 17), 0.0028380634390651085]
[(26, 34), 0.003005008347245409]
[(25, 32), 0.003672787979966611]
[(16, 32), 0.002671118530884808]
[(5, 20), 0.004173622704507512]
[(20, 29), 0.004507512520868113]
[(1, 32), 0.003005008347245409]
[(1, 20), 0.004841402337228714]
[(11, 30), 0.002671118530884808]
[(0, 20), 0.01001669449081803]
[(31, 18), 0.003005008347245409]
[(37, 20), 0.00667779632721202]
[(20, 37), 0.0035058430717863106]
[(0, 18), 0.0051752921535893155]
[(18, 19), 0.0028380634390651085]
[(16, 20), 0.003005008347245409]
[(29, 19), 0.005008347245409015]
[(19, 29), 0.010851419031719533]
[(19, 20), 0.006343906510851419]
[(0, 31), 0.0025041736227045075]
[(30, 0), 0.0051752921535893155]
[(7, 32), 0.004006677796327212]
[(32, 19), 0.0028380634390651085]
[(20, 19), 0.005843071786310518]
[(18, 0), 0.0025041736227045075]
[(7, 26), 0.0025041736227045075]
[(32, 8), 0.000667779632721202]
[(14, 33), 0.001001669449081803]
[(2, 33), 0.0001669449081803005]
[(30, 2), 0.0011686143572621035]
[(33, 8), 0.000667779632721202]
[(20, 15), 0.0018363939899833056]
[(12, 20), 0.0008347245409015025]
[(20, 33), 0.002337228714524207]
[(20, 14), 0.0008347245409015025]
[(14, 28), 0.0001669449081803005]
[(33, 20), 0.0008347245409015025]
[(32, 14), 0.0001669449081803005]
[(14, 20), 0.000667779632721202]
[(14, 30), 0.0005008347245409015]
[(30, 33), 0.0001669449081803005]
[(2, 20), 0.000667779632721202]
[(34, 26), 0.0011686143572621035]
[(8, 33), 0.0005008347245409015]
[(20, 8), 0.001669449081803005]
[(30, 8), 0.000667779632721202]
[(8, 30), 0.000333889816360601]
[(35, 20), 0.001335559265442404]
[(8, 31), 0.000667779632721202]
[(32, 28), 0.0005008347245409015]
[(28, 8), 0.000333889816360601]
[(31, 8), 0.0005008347245409015]
[(28, 31), 0.0001669449081803005]
[(8, 28), 0.000333889816360601]
[(26, 8), 0.0005008347245409015]
[(30, 31), 0.0021702838063439064]
[(28, 26), 0.0001669449081803005]
[(8, 15), 0.0001669449081803005]
[(15, 8), 0.0001669449081803005]
[(12, 31), 0.000333889816360601]
[(3, 33), 0.0001669449081803005]
[(8, 14), 0.0001669449081803005]
[(14, 31), 0.0001669449081803005]
[(26, 25), 0.001335559265442404]
[(25, 28), 0.000333889816360601]
[(31, 25), 0.002337228714524207]
[(33, 27), 0.0001669449081803005]
[(15, 14), 0.0001669449081803005]
[(8, 32), 0.0001669449081803005]
[(10, 33), 0.0001669449081803005]
[(4, 14), 0.0001669449081803005]
[(33, 31), 0.000333889816360601]
[(28, 32), 0.0011686143572621035]
[(27, 6), 0.001669449081803005]
[(6, 33), 0.0001669449081803005]
[(14, 32), 0.000333889816360601]
[(15, 28), 0.000333889816360601]
[(15, 25), 0.0011686143572621035]
[(20, 10), 0.000667779632721202]
[(30, 34), 0.0011686143572621035]
[(3, 11), 0.0001669449081803005]
[(11, 20), 0.0015025041736227045]
[(32, 33), 0.000333889816360601]
[(14, 8), 0.0001669449081803005]
[(20, 11), 0.0001669449081803005]
[(15, 33), 0.0001669449081803005]
[(18, 6), 0.001335559265442404]
[(6, 27), 0.001335559265442404]
[(28, 4), 0.000333889816360601]
[(28, 29), 0.000333889816360601]
[(29, 31), 0.001001669449081803]
[(20, 24), 0.0011686143572621035]
[(24, 20), 0.001335559265442404]
[(13, 29), 0.0001669449081803005]
[(30, 13), 0.001001669449081803]
[(20, 13), 0.001335559265442404]
[(32, 13), 0.0005008347245409015]
[(13, 30), 0.000333889816360601]
[(35, 22), 0.0001669449081803005]
[(30, 11), 0.0011686143572621035]
[(23, 35), 0.0008347245409015025]
[(30, 28), 0.000333889816360601]
[(13, 15), 0.000333889816360601]
[(5, 28), 0.000667779632721202]
[(24, 13), 0.0001669449081803005]
[(31, 13), 0.000333889816360601]
[(33, 32), 0.0001669449081803005]
[(5, 31), 0.0005008347245409015]
[(5, 13), 0.0001669449081803005]
[(13, 28), 0.0001669449081803005]
[(25, 5), 0.001335559265442404]
[(25, 18), 0.001669449081803005]
[(20, 23), 0.002003338898163606]
[(2, 18), 0.000667779632721202]
[(4, 26), 0.000333889816360601]
[(26, 18), 0.0021702838063439064]
[(26, 27), 0.0008347245409015025]
[(27, 32), 0.001335559265442404]
[(38, 30), 0.0001669449081803005]
[(11, 27), 0.000667779632721202]
[(27, 18), 0.002003338898163606]
[(27, 22), 0.000667779632721202]
[(17, 20), 0.002003338898163606]
[(20, 36), 0.0021702838063439064]
[(5, 21), 0.000333889816360601]
[(4, 21), 0.0001669449081803005]
[(30, 5), 0.0011686143572621035]
[(17, 21), 0.0001669449081803005]
[(21, 5), 0.000667779632721202]
[(26, 36), 0.0005008347245409015]
[(36, 25), 0.000333889816360601]
[(17, 31), 0.000667779632721202]
[(30, 36), 0.000667779632721202]
[(36, 26), 0.0001669449081803005]
[(26, 17), 0.000333889816360601]
[(27, 2), 0.000667779632721202]
[(25, 27), 0.001335559265442404]
[(20, 2), 0.001001669449081803]
[(32, 34), 0.0005008347245409015]
[(32, 21), 0.0011686143572621035]
[(21, 15), 0.0005008347245409015]
[(21, 18), 0.0011686143572621035]
[(11, 18), 0.0001669449081803005]
[(20, 7), 0.0018363939899833056]
[(7, 38), 0.0001669449081803005]
[(36, 5), 0.0001669449081803005]
[(32, 17), 0.001669449081803005]
[(17, 5), 0.0001669449081803005]
[(20, 4), 0.000667779632721202]
[(12, 25), 0.0005008347245409015]
[(6, 26), 0.0008347245409015025]
[(22, 31), 0.000667779632721202]
[(22, 25), 0.000333889816360601]
[(25, 15), 0.0005008347245409015]
[(15, 11), 0.0001669449081803005]
[(6, 30), 0.0005008347245409015]
[(35, 23), 0.000333889816360601]
[(25, 17), 0.001001669449081803]
[(20, 21), 0.002003338898163606]
[(17, 25), 0.0005008347245409015]
[(25, 6), 0.001001669449081803]
[(20, 38), 0.000667779632721202]
[(31, 6), 0.001001669449081803]
[(6, 15), 0.000333889816360601]
[(2, 34), 0.000333889816360601]
[(18, 38), 0.0001669449081803005]
[(38, 20), 0.001001669449081803]
[(4, 38), 0.0001669449081803005]
[(6, 21), 0.000333889816360601]
[(13, 6), 0.001335559265442404]
[(6, 12), 0.0001669449081803005]
[(34, 25), 0.000333889816360601]
[(26, 6), 0.0021702838063439064]
[(6, 24), 0.0001669449081803005]
[(24, 25), 0.0001669449081803005]
[(30, 21), 0.001669449081803005]
[(18, 17), 0.0021702838063439064]
[(36, 20), 0.0008347245409015025]
[(15, 34), 0.000333889816360601]
[(2, 26), 0.0005008347245409015]
[(26, 13), 0.0001669449081803005]
[(34, 6), 0.0015025041736227045]
[(38, 11), 0.0001669449081803005]
[(6, 13), 0.000667779632721202]
[(25, 31), 0.0021702838063439064]
[(34, 32), 0.000667779632721202]
[(2, 6), 0.0001669449081803005]
[(31, 34), 0.0005008347245409015]
[(15, 26), 0.0008347245409015025]
[(17, 27), 0.001669449081803005]
[(27, 36), 0.0008347245409015025]
[(36, 11), 0.0001669449081803005]
[(11, 17), 0.0001669449081803005]
[(6, 3), 0.0001669449081803005]
[(25, 13), 0.000333889816360601]
[(18, 25), 0.001669449081803005]
[(17, 18), 0.0005008347245409015]
[(5, 25), 0.0005008347245409015]
[(15, 27), 0.0011686143572621035]
[(27, 13), 0.0001669449081803005]
[(24, 23), 0.0005008347245409015]
[(17, 30), 0.000667779632721202]
[(36, 31), 0.000333889816360601]
[(17, 15), 0.000333889816360601]
[(36, 27), 0.000667779632721202]
[(0, 25), 0.0001669449081803005]
[(31, 22), 0.000333889816360601]
[(22, 5), 0.001335559265442404]
[(32, 26), 0.0018363939899833056]
[(31, 17), 0.000667779632721202]
[(5, 36), 0.0001669449081803005]
[(21, 27), 0.002003338898163606]
[(36, 12), 0.000333889816360601]
[(30, 6), 0.000667779632721202]
[(6, 18), 0.000667779632721202]
[(6, 23), 0.0001669449081803005]
[(6, 35), 0.0001669449081803005]
[(18, 9), 0.000667779632721202]
[(6, 31), 0.001001669449081803]
[(7, 31), 0.0008347245409015025]
[(31, 16), 0.001001669449081803]
[(6, 29), 0.0001669449081803005]
[(31, 5), 0.0005008347245409015]
[(13, 31), 0.0001669449081803005]
[(15, 6), 0.000667779632721202]
[(15, 22), 0.0001669449081803005]
[(35, 11), 0.000333889816360601]
[(11, 25), 0.0001669449081803005]
[(9, 20), 0.0018363939899833056]
[(10, 4), 0.0001669449081803005]
[(3, 31), 0.0005008347245409015]
[(26, 12), 0.000333889816360601]
[(26, 15), 0.000333889816360601]
[(15, 31), 0.001669449081803005]
[(26, 10), 0.000333889816360601]
[(31, 26), 0.001335559265442404]
[(12, 3), 0.0005008347245409015]
[(26, 5), 0.0001669449081803005]
[(4, 35), 0.000333889816360601]
[(31, 1), 0.0008347245409015025]
[(1, 25), 0.000667779632721202]
[(25, 26), 0.0005008347245409015]
[(25, 21), 0.0011686143572621035]
[(6, 1), 0.0001669449081803005]
[(6, 2), 0.0001669449081803005]
[(3, 18), 0.001335559265442404]
[(36, 18), 0.000667779632721202]
[(36, 24), 0.0001669449081803005]
[(3, 27), 0.0011686143572621035]
[(23, 20), 0.000333889816360601]
[(18, 22), 0.0005008347245409015]
[(31, 27), 0.001335559265442404]
[(27, 25), 0.0005008347245409015]
[(30, 17), 0.0011686143572621035]
[(34, 31), 0.001001669449081803]
[(31, 21), 0.0008347245409015025]
[(21, 6), 0.0008347245409015025]
[(13, 26), 0.0001669449081803005]
[(22, 20), 0.0021702838063439064]
[(12, 13), 0.0005008347245409015]
[(13, 21), 0.000333889816360601]
[(18, 34), 0.000667779632721202]
[(21, 13), 0.0001669449081803005]
[(13, 17), 0.0001669449081803005]
[(4, 27), 0.000333889816360601]
[(24, 31), 0.0001669449081803005]
[(20, 35), 0.000333889816360601]
[(30, 24), 0.0011686143572621035]
[(24, 18), 0.0005008347245409015]
[(12, 10), 0.000333889816360601]
[(10, 2), 0.000333889816360601]
[(2, 32), 0.000333889816360601]
[(30, 37), 0.0018363939899833056]
[(2, 31), 0.0001669449081803005]
[(30, 9), 0.000333889816360601]
[(37, 15), 0.0001669449081803005]
[(37, 12), 0.0001669449081803005]
[(32, 5), 0.001335559265442404]
[(30, 4), 0.000333889816360601]
[(4, 18), 0.000667779632721202]
[(2, 23), 0.0001669449081803005]
[(37, 18), 0.0011686143572621035]
[(6, 28), 0.000333889816360601]
[(6, 32), 0.000667779632721202]
[(38, 1), 0.0001669449081803005]
[(1, 18), 0.0008347245409015025]
[(20, 1), 0.001335559265442404]
[(27, 4), 0.000333889816360601]
[(4, 24), 0.000333889816360601]
[(20, 0), 0.002337228714524207]
[(0, 27), 0.0015025041736227045]
[(32, 1), 0.001669449081803005]
[(27, 3), 0.001001669449081803]
[(32, 16), 0.000667779632721202]
[(16, 31), 0.0021702838063439064]
[(32, 38), 0.0001669449081803005]
[(29, 26), 0.000667779632721202]
[(19, 26), 0.0011686143572621035]
[(26, 29), 0.001001669449081803]
[(23, 37), 0.0001669449081803005]
[(27, 30), 0.001669449081803005]
[(15, 37), 0.000667779632721202]
[(31, 19), 0.001669449081803005]
[(37, 27), 0.001001669449081803]
[(15, 2), 0.0001669449081803005]
[(32, 29), 0.0021702838063439064]
[(16, 26), 0.0015025041736227045]
[(23, 17), 0.0001669449081803005]
[(18, 2), 0.0005008347245409015]
[(7, 18), 0.001669449081803005]
[(31, 7), 0.0008347245409015025]
[(27, 7), 0.0001669449081803005]
[(32, 7), 0.0008347245409015025]
[(7, 1), 0.0008347245409015025]
[(37, 31), 0.0001669449081803005]
[(7, 28), 0.0021702838063439064]
[(27, 38), 0.000333889816360601]
[(26, 7), 0.0005008347245409015]
[(24, 7), 0.0001669449081803005]
[(27, 37), 0.0005008347245409015]
[(29, 30), 0.0011686143572621035]
[(30, 19), 0.0021702838063439064]
[(28, 19), 0.0001669449081803005]
[(29, 32), 0.001335559265442404]
[(15, 19), 0.001001669449081803]
[(30, 29), 0.000667779632721202]
[(29, 3), 0.001001669449081803]
[(19, 18), 0.0021702838063439064]
[(18, 30), 0.000667779632721202]
[(29, 12), 0.0001669449081803005]
[(12, 18), 0.0005008347245409015]
[(29, 13), 0.0001669449081803005]
[(3, 32), 0.000333889816360601]
[(29, 20), 0.002003338898163606]
[(19, 15), 0.0005008347245409015]
[(15, 29), 0.000333889816360601]
[(34, 19), 0.0001669449081803005]
[(16, 19), 0.001335559265442404]
[(5, 22), 0.0008347245409015025]
[(16, 28), 0.0001669449081803005]
[(19, 31), 0.002003338898163606]
[(31, 29), 0.0005008347245409015]
[(29, 16), 0.000667779632721202]
[(15, 4), 0.000333889816360601]
[(4, 16), 0.0001669449081803005]
[(16, 29), 0.0018363939899833056]
[(26, 0), 0.000333889816360601]
[(22, 18), 0.000667779632721202]
[(15, 36), 0.0005008347245409015]
[(35, 10), 0.000667779632721202]
[(7, 27), 0.0005008347245409015]
[(29, 10), 0.0008347245409015025]
[(0, 29), 0.000667779632721202]
[(2, 1), 0.0001669449081803005]
[(26, 2), 0.0001669449081803005]
[(2, 19), 0.000333889816360601]
[(27, 16), 0.0001669449081803005]
[(5, 4), 0.000333889816360601]
[(9, 19), 0.0001669449081803005]
[(19, 32), 0.000667779632721202]
[(22, 9), 0.0001669449081803005]
[(9, 27), 0.0001669449081803005]
[(22, 19), 0.0001669449081803005]
[(10, 7), 0.0001669449081803005]
[(36, 32), 0.0001669449081803005]
[(30, 16), 0.001669449081803005]
[(27, 23), 0.000333889816360601]
[(18, 5), 0.0011686143572621035]
[(27, 15), 0.000667779632721202]
[(25, 1), 0.0005008347245409015]
[(19, 13), 0.0001669449081803005]
[(4, 0), 0.000667779632721202]
[(0, 26), 0.001669449081803005]
[(1, 6), 0.0001669449081803005]
[(12, 6), 0.0001669449081803005]
[(26, 1), 0.000333889816360601]
[(16, 27), 0.0001669449081803005]
[(35, 19), 0.0001669449081803005]
[(18, 29), 0.0001669449081803005]
[(18, 7), 0.0008347245409015025]
[(11, 36), 0.0001669449081803005]
[(19, 36), 0.0005008347245409015]
[(19, 22), 0.000333889816360601]
[(19, 27), 0.000667779632721202]
[(27, 29), 0.000667779632721202]
[(16, 18), 0.000333889816360601]
[(19, 16), 0.0008347245409015025]
[(10, 16), 0.0001669449081803005]
[(29, 18), 0.0001669449081803005]
[(1, 0), 0.0001669449081803005]
[(0, 1), 0.0005008347245409015]
[(0, 19), 0.0018363939899833056]
[(15, 1), 0.000333889816360601]
[(27, 19), 0.000333889816360601]
[(18, 13), 0.0001669449081803005]
[(18, 37), 0.0018363939899833056]
[(27, 24), 0.0001669449081803005]
[(38, 18), 0.000333889816360601]
[(18, 4), 0.000667779632721202]
[(37, 10), 0.000333889816360601]
[(10, 18), 0.000333889816360601]
[(10, 35), 0.001001669449081803]
[(21, 31), 0.000333889816360601]
[(29, 15), 0.0008347245409015025]
[(0, 16), 0.0001669449081803005]
[(27, 11), 0.000333889816360601]
[(18, 1), 0.0005008347245409015]
[(1, 31), 0.0011686143572621035]
[(37, 1), 0.000333889816360601]
[(1, 37), 0.0001669449081803005]
[(7, 25), 0.001001669449081803]
[(37, 26), 0.0001669449081803005]
[(7, 19), 0.001001669449081803]
[(3, 26), 0.000333889816360601]
[(26, 19), 0.001001669449081803]
[(35, 7), 0.0001669449081803005]
[(4, 31), 0.0005008347245409015]
[(2, 27), 0.000333889816360601]
[(38, 6), 0.000333889816360601]
[(6, 11), 0.0001669449081803005]
[(18, 28), 0.000667779632721202]
[(28, 27), 0.000667779632721202]
[(30, 22), 0.0001669449081803005]
[(26, 22), 0.000333889816360601]
[(29, 22), 0.0001669449081803005]
[(12, 27), 0.0001669449081803005]
[(21, 37), 0.0001669449081803005]
[(37, 3), 0.0001669449081803005]
[(22, 32), 0.0001669449081803005]
[(22, 28), 0.000333889816360601]
[(28, 37), 0.000667779632721202]
[(31, 37), 0.000333889816360601]
[(5, 27), 0.0008347245409015025]
[(18, 10), 0.0005008347245409015]
[(1, 27), 0.0001669449081803005]
[(27, 1), 0.000333889816360601]
[(4, 25), 0.0001669449081803005]
[(1, 36), 0.0001669449081803005]
[(1, 17), 0.0001669449081803005]
[(17, 32), 0.0005008347245409015]
[(32, 36), 0.000333889816360601]
[(36, 1), 0.000333889816360601]
[(1, 16), 0.0001669449081803005]
[(20, 16), 0.0005008347245409015]
[(4, 19), 0.000333889816360601]
[(16, 12), 0.000333889816360601]
[(12, 29), 0.000333889816360601]
[(22, 4), 0.0001669449081803005]
[(21, 36), 0.000333889816360601]
[(4, 20), 0.0005008347245409015]
[(3, 1), 0.0001669449081803005]
[(0, 5), 0.000333889816360601]
[(23, 4), 0.0001669449081803005]
[(3, 0), 0.0008347245409015025]
[(30, 35), 0.0001669449081803005]
[(2, 0), 0.0001669449081803005]
[(27, 0), 0.001001669449081803]
[(35, 0), 0.000333889816360601]
[(27, 31), 0.0001669449081803005]
[(31, 0), 0.0008347245409015025]
[(0, 30), 0.0001669449081803005]
[(32, 35), 0.0001669449081803005]
[(5, 0), 0.0001669449081803005]
[(29, 0), 0.0001669449081803005]
[(22, 12), 0.0001669449081803005]
[(19, 0), 0.0001669449081803005]
[(32, 0), 0.000333889816360601]
[(5, 19), 0.0005008347245409015]
[(15, 24), 0.0001669449081803005]
[(0, 9), 0.000333889816360601]
[(19, 5), 0.000667779632721202]
[(10, 0), 0.0001669449081803005]
[(15, 0), 0.0005008347245409015]
[(1, 19), 0.000333889816360601]
[(23, 0), 0.0001669449081803005]
[(11, 19), 0.0001669449081803005]
[(0, 32), 0.0011686143572621035]
[(23, 18), 0.0005008347245409015]
[(37, 30), 0.0001669449081803005]
[(0, 37), 0.0001669449081803005]
[(19, 37), 0.0001669449081803005]
[(25, 30), 0.0001669449081803005]
[(22, 37), 0.0001669449081803005]
[(2, 24), 0.0001669449081803005]
[(4, 2), 0.000333889816360601]
[(25, 16), 0.000333889816360601]
[(16, 25), 0.0001669449081803005]
[(22, 26), 0.0001669449081803005]
[(5, 16), 0.0001669449081803005]
[(26, 16), 0.000667779632721202]
[(27, 26), 0.0001669449081803005]
[(26, 9), 0.000667779632721202]
[(26, 28), 0.001335559265442404]
[(31, 28), 0.0005008347245409015]
[(3, 16), 0.0001669449081803005]
[(21, 16), 0.0001669449081803005]
[(16, 17), 0.0001669449081803005]
[(36, 21), 0.0001669449081803005]
[(5, 6), 0.000333889816360601]
[(27, 12), 0.000333889816360601]
[(21, 17), 0.0005008347245409015]
[(38, 17), 0.0001669449081803005]
[(36, 15), 0.0001669449081803005]
[(27, 9), 0.0001669449081803005]
[(25, 22), 0.0001669449081803005]
[(25, 36), 0.0001669449081803005]
[(11, 3), 0.0001669449081803005]
[(3, 17), 0.0001669449081803005]
[(27, 21), 0.001001669449081803]
[(19, 25), 0.0001669449081803005]
[(13, 25), 0.0001669449081803005]
[(27, 28), 0.000333889816360601]
[(29, 27), 0.0001669449081803005]
[(2, 10), 0.0001669449081803005]
[(37, 32), 0.000333889816360601]
[(37, 9), 0.0001669449081803005]
[(3, 30), 0.0001669449081803005]
[(25, 29), 0.0001669449081803005]
[(7, 15), 0.000333889816360601]
[(6, 7), 0.000667779632721202]
[(6, 38), 0.0001669449081803005]
[(38, 7), 0.0001669449081803005]
[(7, 6), 0.0011686143572621035]
[(28, 7), 0.000333889816360601]
[(28, 6), 0.0005008347245409015]
[(25, 7), 0.000333889816360601]
[(5, 3), 0.0001669449081803005]
[(6, 25), 0.000333889816360601]
[(23, 24), 0.000333889816360601]
[(15, 13), 0.000333889816360601]
[(7, 13), 0.000667779632721202]
[(35, 18), 0.000333889816360601]
[(38, 9), 0.0001669449081803005]
[(5, 32), 0.0001669449081803005]
[(22, 7), 0.0001669449081803005]
[(12, 32), 0.0001669449081803005]
[(32, 2), 0.0001669449081803005]
[(29, 7), 0.0001669449081803005]
[(15, 7), 0.0005008347245409015]
[(7, 34), 0.0005008347245409015]
[(5, 18), 0.000667779632721202]
[(34, 18), 0.000667779632721202]
[(0, 23), 0.000333889816360601]
[(32, 37), 0.000333889816360601]
[(15, 5), 0.0001669449081803005]
[(23, 11), 0.000333889816360601]
[(11, 24), 0.0001669449081803005]
[(11, 0), 0.0001669449081803005]
[(37, 34), 0.0001669449081803005]
[(21, 19), 0.0005008347245409015]
[(3, 19), 0.0005008347245409015]
[(25, 19), 0.0001669449081803005]
[(2, 7), 0.0001669449081803005]
[(7, 12), 0.0001669449081803005]
[(32, 22), 0.0001669449081803005]
[(32, 12), 0.000333889816360601]
[(34, 7), 0.0001669449081803005]
[(28, 5), 0.0001669449081803005]
[(11, 5), 0.000333889816360601]
[(11, 1), 0.0001669449081803005]
[(9, 26), 0.000333889816360601]
[(35, 26), 0.0001669449081803005]
[(19, 4), 0.0001669449081803005]
[(18, 15), 0.000333889816360601]
[(24, 26), 0.0001669449081803005]
[(26, 24), 0.0001669449081803005]
[(5, 26), 0.0001669449081803005]
[(26, 30), 0.000333889816360601]
[(24, 16), 0.0001669449081803005]
[(17, 4), 0.0001669449081803005]
[(36, 23), 0.0001669449081803005]
[(36, 30), 0.000333889816360601]
[(17, 26), 0.0001669449081803005]
[(9, 12), 0.0001669449081803005]
[(5, 7), 0.000333889816360601]
[(1, 5), 0.000333889816360601]
[(1, 7), 0.0005008347245409015]
[(7, 29), 0.0001669449081803005]
[(24, 9), 0.0001669449081803005]
[(3, 7), 0.000333889816360601]
[(11, 7), 0.0001669449081803005]
[(36, 3), 0.0001669449081803005]
[(6, 19), 0.0001669449081803005]
[(19, 7), 0.000333889816360601]
[(14, 7), 0.0001669449081803005]
[(29, 5), 0.0001669449081803005]
[(15, 16), 0.0001669449081803005]
[(35, 16), 0.0001669449081803005]
[(13, 16), 0.0001669449081803005]
[(6, 17), 0.000333889816360601]
[(30, 23), 0.000333889816360601]
[(23, 7), 0.0001669449081803005]
[(17, 29), 0.0001669449081803005]
[(24, 0), 0.0001669449081803005]
[(24, 10), 0.0001669449081803005]
[(18, 16), 0.0001669449081803005]
[(29, 28), 0.0001669449081803005]
[(5, 12), 0.0001669449081803005]
[(5, 15), 0.000333889816360601]
[(29, 4), 0.0001669449081803005]
[(34, 28), 0.0001669449081803005]
[(6, 34), 0.000667779632721202]
[(4, 34), 0.0001669449081803005]
[(16, 34), 0.0001669449081803005]
[(34, 27), 0.0001669449081803005]
[(3, 21), 0.0001669449081803005]
[(21, 32), 0.000333889816360601]
[(37, 25), 0.0001669449081803005]
[(32, 30), 0.0001669449081803005]
[(30, 1), 0.0001669449081803005]
[(4, 7), 0.0001669449081803005]
[(5, 38), 0.0001669449081803005]
[(3, 28), 0.0001669449081803005]
[(19, 28), 0.0001669449081803005]
[(28, 18), 0.0005008347245409015]
[(35, 4), 0.0001669449081803005]
[(1, 21), 0.0001669449081803005]
[(23, 21), 0.0001669449081803005]
[(24, 2), 0.0001669449081803005]
[(2, 5), 0.0001669449081803005]
[(37, 21), 0.0001669449081803005]
[(3, 5), 0.0001669449081803005]
[(3, 37), 0.0001669449081803005]
[(24, 28), 0.0001669449081803005]
[(1, 30), 0.0001669449081803005]
[(12, 1), 0.0001669449081803005]
[(1, 34), 0.000333889816360601]
[(1, 26), 0.0001669449081803005]
[(4, 5), 0.0001669449081803005]
[(22, 27), 0.0001669449081803005]
[(37, 28), 0.000667779632721202]
[(8, 27), 0.0001669449081803005]
[(27, 5), 0.0001669449081803005]
[(5, 37), 0.0001669449081803005]
[(37, 6), 0.0001669449081803005]
[(1, 28), 0.000333889816360601]
[(13, 1), 0.0001669449081803005]
[(12, 37), 0.0001669449081803005]
[(13, 32), 0.0001669449081803005]
[(37, 13), 0.0001669449081803005]
[(32, 4), 0.0001669449081803005]
[(28, 34), 0.0001669449081803005]
[(30, 38), 0.0001669449081803005]
[(23, 26), 0.0001669449081803005]
[(23, 34), 0.0001669449081803005]
[(34, 29), 0.0001669449081803005]
[(29, 6), 0.0001669449081803005]
[(26, 38), 0.0001669449081803005]
[(38, 26), 0.0001669449081803005]
[(14, 6), 0.0001669449081803005]
[(26, 37), 0.000333889816360601]
[(34, 37), 0.0001669449081803005]
[(34, 22), 0.0001669449081803005]
[(12, 26), 0.0001669449081803005]
[(35, 27), 0.0001669449081803005]
[(21, 30), 0.0001669449081803005]
[(34, 1), 0.0001669449081803005]
[(28, 1), 0.0001669449081803005]
[(7, 9), 0.0001669449081803005]
[(9, 28), 0.0001669449081803005]
[(7, 16), 0.0005008347245409015]
[(16, 1), 0.0001669449081803005]
[(31, 12), 0.0001669449081803005]
[(6, 4), 0.0001669449081803005]
[(23, 25), 0.0001669449081803005]
[(33, 15), 0.0001669449081803005]
[(25, 33), 0.0001669449081803005]
[(33, 25), 0.0001669449081803005]
[(23, 33), 0.0001669449081803005]
